0 0 1 0 16 	110.6097687	0.0380000	14
0 0 1 0 17 	124.4333447	0.0380012	11
0 0 1 0 18 	139.0696537	0.0380024	12
0 0 1 0 19 	154.5186227	0.0380036	8
0 0 1 0 20 	170.7801757	0.0380048	12
0 0 1 0 21 	187.8542327	0.0380060	13
0 0 1 0 22 	205.7407097	0.0380072	16
0 0 1 0 23 	224.4395197	0.0380084	12
0 0 1 0 26 	285.4105730	0.0430091	10
0 0 1 0 27 	307.3577520	0.0430084	10
0 0 1 0 40 	666.5107159	0.0862091	5
2 0 1 0 39 	1796.7028159	0.0918091	1
0 0 1 0 34 	483.7128729	0.0802091	9
2 0 1 0 33 	1618.4746029	0.0858091	1
0 0 1 0 33 	456.0859825	0.0690084	7
2 0 1 0 32 	1591.6133025	0.0746084	1
2 0 1 0 26 	1447.4997520	0.0486084	1
0 0 1 0 25 	264.2745895	0.0400084	9
2 0 1 0 24 	1405.9642296	0.0436084	2
2 0 1 0 22 	1367.6831262	0.0436060	2
2 0 1 0 21 	1349.7632577	0.0436048	2
2 0 1 0 20 	1332.6569427	0.0436060	1
2 0 1 0 19 	1316.3647947	0.0436024	2
2 0 1 0 18 	1300.8864937	0.0436012	2
0 0 1 0 15 	97.5993464	0.0600012	10
2 0 1 0 14 	1247.1148641	0.0656012	2
0 0 1 0 12 	63.4439957	0.0130000	10
2 0 1 0 11 	1215.3364030	0.0166000	2
0 0 1 0 11 	53.6866087	0.0660012	10
2 0 1 0 10 	1206.3746087	0.0716012	1
0 0 1 0 8 	29.2860387	0.0090000	11
2 0 1 0 7 	1184.3699887	0.0146000	1
0 0 1 0 7 	22.7820034	0.0700012	15
2 0 1 0 6 	1178.6680634	0.0756012	1
0 0 1 0 6 	17.0861532	0.0070000	7
2 0 1 0 5 	1173.7758032	0.0126000	1
0 0 1 0 1 	0.8206612	0.0852012	10
2 0 1 0 2 	1163.9972612	0.0908012	1
0 0 1 0 3 	4.8875319	0.0832012	11
2 0 1 0 4 	1169.7024019	0.0888012	1
2 0 1 0 8 	1190.8918234	0.0756012	1
2 0 1 0 9 	1198.2234087	0.0146000	1
0 0 1 0 10 	44.7389403	0.0110000	11
0 0 1 0 13 	74.0166218	0.0630012	12
2 0 1 0 17 	1286.2222087	0.0436000	1
2 0 1 0 23 	1386.4167097	0.0436072	1
0 0 1 0 24 	243.9502138	0.0400072	11
2 0 1 0 25 	1426.3240338	0.0456072	1
0 0 1 0 46 	878.4633456	0.1102091	5
2 0 1 0 47 	2079.7326256	0.1158091	1
0 0 1 0 48 	955.5883456	0.1112091	4
2 0 1 0 49 	2158.5868356	0.1168091	1
2 0 2 0 45 	2102.4951556	0.1158091	1
2 0 2 0 39 	1896.2140259	0.0918091	1
0 0 1 0 39 	634.0150144	0.0842084	7
2 0 2 0 38 	1864.6532644	0.0898084	1
0 0 1 0 38 	602.3375529	0.0842091	8
2 0 2 0 37 	1833.9077629	0.0898091	1
0 0 1 0 36 	541.4067282	0.0822091	7
2 0 2 0 35 	1774.8319882	0.0878091	1
0 0 1 0 35 	512.1521125	0.0802084	7
2 0 2 0 34 	1746.5004425	0.0746084	2
2 0 2 0 33 	1718.9811729	0.0858091	1
0 0 1 0 32 	429.2680709	0.0782091	5
2 0 2 0 31 	1666.3674909	0.0838091	1
0 0 1 0 30 	378.0689209	0.0562091	6
2 0 2 0 29 	1616.9872181	0.0506091	2
0 0 1 0 28 	330.1158053	0.0450091	9
2 0 2 0 27 	1570.8409253	0.0506091	1
2 0 2 0 26 	1548.9816120	0.0486084	1
2 0 2 0 25 	1527.9301230	0.0486091	1
2 0 2 0 24 	1507.6866695	0.0456084	1
2 0 2 0 23 	1488.2519617	0.0436072	2
2 0 2 0 22 	1469.6276697	0.0436084	1
2 0 2 0 21 	1451.8120897	0.0436072	1
2 0 2 0 20 	1434.8058027	0.0436060	1
2 0 2 0 19 	1418.6087557	0.0436048	1
2 0 2 0 17 	1388.6429337	0.0436024	1
2 0 2 0 16 	1374.8742947	0.0436012	1
2 0 2 0 15 	1361.9152082	0.0406000	2
2 0 2 0 14 	1349.7661391	0.0656012	2
0 0 1 0 14 	85.4012677	0.0350000	10
2 0 2 0 13 	1338.4262677	0.0406000	1
2 0 2 0 11 	1318.1756880	0.0166000	2
2 0 2 0 6 	1281.7254234	0.0756012	1
2 0 2 0 5 	1276.8620332	0.0126000	1
0 0 1 0 5 	12.2075860	0.0720012	9
2 0 2 0 4 	1272.8127840	0.0776012	2
0 0 1 0 4 	8.1396835	0.0050000	11
2 0 2 0 3 	1269.5712235	0.0106000	1
2 0 2 0 2 	1267.1420315	0.0888012	2
0 0 1 0 0 	0.0000000	0.0000000	3
2 0 2 0 1 	1265.5144000	0.0056000	1
2 0 2 0 36 	1803.9607125	0.0858084	1
2 0 2 0 47 	2177.7064456	0.1158091	1
4 0 1 0 47 	3129.1794256	0.1222091	1
0 0 1 0 44 	804.5744456	0.1092091	6
4 0 1 0 43 	2982.6141458	0.1192091	2
0 0 1 0 42 	733.9231059	0.1082091	5
4 0 1 0 41 	2914.1484259	0.0972091	2
4 0 1 0 38 	2817.4693947	0.0932084	2
4 0 1 0 37 	2786.8558105	0.0932091	2
0 0 1 0 37 	571.4623750	0.0822084	7
4 0 1 0 36 	2757.0373838	0.0912084	2
4 0 1 0 34 	2699.8221425	0.0912084	1
4 0 1 0 32 	2645.8243488	0.0780084	2
4 0 1 0 31 	2620.0310109	0.0672091	2
0 0 1 0 31 	403.2640651	0.0670084	7
4 0 1 0 30 	2595.0448086	0.0760084	2
4 0 1 0 29 	2570.8611731	0.0560091	2
0 0 1 0 29 	353.6875320	0.0650084	5
4 0 1 0 28 	2547.4846920	0.0540084	2
4 0 1 0 27 	2524.9117591	0.0540091	2
4 0 1 0 25 	2482.1820234	0.0510072	2
4 0 1 0 21 	2406.3882597	0.0490072	1
4 0 1 0 19 	2373.3258647	0.0490024	2
4 0 1 0 18 	2358.0035487	0.0490012	2
4 0 1 0 17 	2343.4871562	0.0490000	2
4 0 1 0 16 	2329.7770756	0.0490012	2
4 0 1 0 15 	2316.8728432	0.0460000	2
4 0 1 0 14 	2304.7752391	0.0710012	2
4 0 1 0 13 	2293.4831917	0.0240000	2
4 0 1 0 12 	2282.9987553	0.0740012	2
4 0 1 0 11 	2273.3185480	0.0220000	2
4 0 1 0 10 	2264.4476887	0.0770012	1
4 0 1 0 9 	2256.3797203	0.0220000	1
4 0 1 0 6 	2237.0216647	0.0810012	2
4 0 1 0 4 	2228.1477240	0.0830012	2
4 0 1 0 3 	2224.9188317	0.0140000	2
4 0 1 0 2 	2222.5009112	0.0962012	1
0 0 1 0 2 	2.4444000	0.0030000	7
4 0 1 0 5 	2232.1798435	0.0160000	1
4 0 1 0 7 	2242.6662832	0.0180000	1
4 0 1 0 8 	2249.1220334	0.0810012	1
4 0 1 0 20 	2389.4541727	0.0490036	1
4 0 1 0 22 	2424.1281027	0.0490060	1
4 0 1 0 24 	2462.0248197	0.0490084	1
4 0 1 0 26 	2503.1442095	0.0510084	1
4 0 1 0 35 	2728.0267829	0.0912091	1
4 0 1 0 39 	2848.8946329	0.0952091	1
4 0 1 0 40 	2881.1156944	0.0952084	1
4 0 1 0 45 	3054.2917656	0.1202091	1
4 0 1 0 49 	3207.2757856	0.1222091	1
4 0 4 0 27 	2829.7291053	0.0750091	1
4 0 4 0 25 	2786.9691730	0.0730091	1
4 0 4 0 23 	2747.4287138	0.0700072	1
4 0 4 0 22 	2728.8693197	0.0680084	1
4 0 4 0 21 	2711.1171097	0.0680072	1
4 0 4 0 20 	2694.1724277	0.0680036	2
4 0 4 0 17 	2648.1718612	0.0680000	2
4 0 4 0 16 	2634.4539456	0.0680012	2
4 0 4 0 13 	2598.1327817	0.0430000	2
4 0 4 0 12 	2587.6388153	0.0930012	2
4 0 4 0 11 	2577.9543957	0.0430000	1
4 0 4 0 10 	2569.0777816	0.0960012	2
0 0 1 0 9 	36.6083544	0.0680012	7
4 0 4 0 8 	2553.7405789	0.0980012	2
4 0 4 0 7 	2547.2794960	0.0370000	2
4 0 4 0 6 	2541.6344447	0.1000012	2
4 0 4 0 4 	2532.7536860	0.1020012	1
4 0 4 0 2 	2527.1008465	0.1132012	2
4 0 4 0 0 	2524.6735612	0.1152012	1
4 0 4 0 1 	2525.4810000	0.0300000	1
4 0 4 0 5 	2536.7868835	0.0350000	1
4 0 4 0 14 	2609.4335218	0.0930012	1
4 0 4 0 19 	2678.0336537	0.0680024	1
6 0 3 0 47 	4362.0699356	0.1107091	2
6 0 3 0 45 	4287.4918356	0.1097091	2
6 0 3 0 43 	4216.0965858	0.1087091	2
10 0 8 0 37 	6401.7902069	0.0852091	1
10 0 8 0 36 	6372.1794280	0.0832084	1
10 0 8 0 35 	6343.3748640	0.0812091	2
10 0 8 0 34 	6315.3615785	0.0812084	1
10 0 8 0 33 	6288.1496389	0.0792091	2
10 0 8 0 32 	6261.7366545	0.0700084	1
10 0 8 0 31 	6236.1222269	0.0792091	1
10 0 8 0 30 	6211.3082921	0.0680084	1
10 0 8 0 29 	6187.2909049	0.0572091	1
10 0 8 0 28 	6164.0743060	0.0660084	1
10 0 8 0 25 	6099.2177230	0.0440091	1
10 0 8 0 24 	6079.1971025	0.0410084	1
10 0 8 0 23 	6059.9763848	0.0410072	1
10 0 8 0 20 	6007.1160787	0.0390060	1
10 0 8 0 19 	5991.0971827	0.0390048	1
10 0 8 0 17 	5961.4589407	0.0390024	1
10 0 8 0 16 	5947.8404007	0.0390012	1
10 0 8 0 15 	5935.0227717	0.0390000	1
10 0 8 0 14 	5923.0056254	0.0610012	1
10 0 8 0 13 	5911.7898757	0.0360000	1
10 0 8 0 12 	5901.3745678	0.0640012	1
10 0 8 0 11 	5891.7598925	0.0120000	2
10 0 8 0 10 	5882.9478007	0.0670012	1
10 0 8 0 8 	5867.7239629	0.0690012	2
10 0 8 0 7 	5861.3115755	0.0080000	2
10 0 8 0 6 	5855.7041992	0.0710012	2
10 0 8 0 5 	5850.8950893	0.0060000	2
10 0 8 0 4 	5846.8892500	0.0730012	1
10 0 8 0 3 	5843.6838025	0.0060000	1
10 0 8 0 2 	5841.2812699	0.0842012	1
10 0 8 0 9 	5874.9335947	0.0100000	1
10 0 6 0 22 	6119.1968217	0.0390084	1
10 0 6 0 21 	6101.6225767	0.0390072	1
10 0 6 0 20 	6084.8478467	0.0390060	1
10 0 6 0 19 	6068.8701277	0.0390048	1
10 0 6 0 15 	6012.9363107	0.0390000	1
10 0 6 0 13 	5989.7586107	0.0360000	1
10 0 6 0 12 	5979.3665928	0.0640012	1
12 0 1 0 31 	6964.2499709	0.0797091	1
12 0 1 0 26 	6847.8681708	0.0415084	2
12 0 1 0 25 	6827.2527730	0.0445091	1
12 0 1 0 24 	6807.4305046	0.0395084	2
12 0 1 0 23 	6788.3989617	0.0395072	2
12 0 1 0 22 	6770.1609762	0.0395060	2
12 0 1 0 21 	6752.7155427	0.0395048	2
12 0 1 0 19 	6720.2005147	0.0395024	2
12 0 1 0 18 	6705.1345337	0.0395012	2
12 0 1 0 15 	6664.6827682	0.0365000	2
12 0 1 0 14 	6652.7838341	0.0615012	2
12 0 1 0 12 	6631.3712153	0.0645012	2
12 0 1 0 11 	6621.8510680	0.0125000	2
12 0 1 0 10 	6613.1294087	0.0675012	1
12 0 1 0 9 	6605.1924895	0.0105000	2
12 0 1 0 7 	6591.7086387	0.0105000	1
12 0 1 0 6 	6586.1568947	0.0715012	2
12 0 1 0 5 	6581.3940683	0.0065000	2
12 0 1 0 4 	6577.4281860	0.0735012	1
12 0 1 0 2 	6571.8756465	0.0847012	2
12 0 1 0 1 	6570.2858000	0.0015000	2
12 0 1 0 3 	6574.2514000	0.0045000	1
12 0 1 0 8 	6598.0562034	0.0715012	1
12 0 1 0 16 	6677.3745464	0.0615012	1
12 0 1 0 17 	6690.8567687	0.0395000	1
12 0 1 0 20 	6736.0627227	0.0395036	1
12 0 1 0 27 	6869.2768730	0.0445091	1
12 0 1 0 28 	6891.4703520	0.0445084	1
12 0 1 0 34 	7041.2851825	0.0705084	1
12 0 1 0 35 	7069.0248729	0.0817091	1
14 0 3 0 39 	8365.4141964	0.0852091	4
14 0 3 0 38 	8334.6395075	0.0832084	4
14 0 3 0 37 	8304.6607313	0.0832091	4
14 0 3 0 36 	8275.4612255	0.0812084	4
14 0 3 0 35 	8247.0522607	0.0812091	3
14 0 3 0 33 	8192.5982459	0.0812091	2
14 0 3 0 32 	8166.5528961	0.0680084	4
14 0 3 0 30 	8116.8243371	0.0660084	4
14 0 3 0 27 	8048.1955759	0.0440091	4
14 0 3 0 26 	8026.8511135	0.0440084	2
14 0 3 0 24 	7986.5759951	0.0390084	4
14 0 3 0 23 	7967.6254110	0.0390072	4
14 0 3 0 21 	7932.0916457	0.0390072	2
14 0 3 0 19 	7899.7147472	0.0390024	4
14 0 3 0 16 	7857.0695477	0.0390012	2
14 0 3 0 15 	7844.4331562	0.0390000	2
14 0 3 0 14 	7832.5869484	0.0610012	2
14 0 3 0 13 	7821.5292772	0.0360000	2
14 0 3 0 12 	7811.2612498	0.0640012	2
14 0 3 0 11 	7801.7834915	0.0120000	4
14 0 3 0 10 	7793.0970266	0.0670012	4
14 0 3 0 9 	7785.1972070	0.0100000	4
14 0 3 0 8 	7778.0882166	0.0690012	4
14 0 3 0 7 	7771.7676237	0.0100000	2
14 0 3 0 6 	7766.2410874	0.0710012	2
14 0 3 0 3 	7754.3884612	0.0040000	4
14 0 3 0 2 	7752.0214915	0.0842012	4
14 0 3 0 1 	7750.4379945	0.0040000	2
14 0 3 0 0 	7749.6500832	0.0862012	2
14 0 3 0 4 	7757.5510634	0.0842012	2
14 0 3 0 5 	7761.4990905	0.0060000	2
14 0 3 0 17 	7870.4960517	0.0390000	2
14 0 3 0 22 	7949.4639307	0.0390060	2
14 0 3 0 45 	8566.5542076	0.1102091	2
14 0 3 0 25 	8006.3164368	0.0410072	2
14 0 3 0 43 	8496.3608249	0.1092091	2
14 0 3 0 28 	8070.2374695	0.0440084	2
14 0 3 0 40 	8396.9665599	0.0852084	2
14 0 3 0 29 	8093.1394218	0.0460091	2
14 0 3 0 31 	8141.2934059	0.0572091	2
14 0 9 0 22 	8220.9308027	0.0390060	1
14 0 9 0 23 	8239.1344297	0.0390072	1
14 0 9 0 24 	8258.1283797	0.0390084	1
14 0 9 0 25 	8277.9129638	0.0410072	1
14 0 9 0 26 	8298.4903295	0.0410084	1

