0 0 1 0 27 	447.82358747	0.06296270	62
0 0 1 0 28 	469.96203316	0.06296337	62
0 0 1 0 0 	148.85777499	0.06000000	18
4 0 3 0 1 	2561.15320016	0.03000000	5
0 0 1 0 1 	149.64843055	0.06356030	39
4 0 3 0 2 	2562.73163996	0.09344030	4
0 0 1 0 3 	153.60423736	0.06344030	53
4 0 3 0 4 	2568.25602454	0.09332030	4
0 0 1 0 4 	156.76845113	0.06012000	54
4 0 3 0 5 	2572.20174417	0.09012000	4
0 0 1 0 5 	160.72448772	0.06332030	48
4 0 3 0 6 	2576.93719779	0.09320030	4
0 0 1 0 6 	165.47091921	0.06024000	54
4 0 3 0 7 	2582.46128233	0.09024000	4
0 0 1 0 7 	171.00914086	0.06320030	66
4 0 3 0 8 	2588.77473333	0.09308030	4
0 0 1 0 8 	177.33767044	0.06036000	55
4 0 3 0 9 	2595.87687823	0.09036000	4
0 0 1 0 9 	184.45799581	0.06308030	56
4 0 3 0 10 	2603.76814823	0.09296030	4
0 0 1 0 10 	192.36850402	0.06048000	58
4 0 3 0 11 	2612.44819226	0.09048000	4
0 0 1 0 11 	201.07078666	0.06296030	65
4 0 3 0 12 	2621.91798809	0.06285030	5
0 0 1 0 12 	210.56334150	0.06248000	63
4 0 3 0 13 	2632.17590043	0.09248000	4
0 0 1 0 14 	231.92157836	0.06260000	67
4 0 3 0 15 	2655.05793005	0.09260000	4
0 0 1 0 15 	243.78679246	0.06272030	63
4 0 3 0 16 	2667.68240325	0.09272030	4
0 0 1 0 18 	284.12630887	0.06272060	64
4 0 3 0 19 	2710.28568323	0.09272060	4
0 0 1 0 19 	299.15391490	0.06272100	64
4 0 3 0 20 	2726.06361790	0.09272100	4
0 0 1 0 21 	331.58034990	0.06272180	60
4 0 3 0 22 	2759.98373188	0.07272180	3
0 0 1 0 25 	405.91597691	0.06284270	65
4 0 3 0 26 	2837.27908747	0.06297270	5
4 0 3 0 28 	2880.65217878	0.06309270	5
4 0 3 0 29 	2903.52013015	0.09296337	4
0 0 1 0 30 	516.60889214	0.06496337	54
4 0 3 0 31 	2951.61702507	0.09496337	4
0 0 1 0 31 	541.11474973	0.06320270	58
4 0 3 0 32 	2976.84432324	0.07320270	3
0 0 1 0 33 	592.49635440	0.06332270	59
4 0 3 0 34 	3029.66080065	0.07332270	3
0 0 1 0 34 	619.37185886	0.06520337	59
4 0 3 0 35 	3057.24985291	0.07520337	3
0 0 1 0 35 	647.03398628	0.06344270	58
4 0 3 0 36 	3085.62302128	0.07344270	3
0 0 1 0 36 	675.48715156	0.06532337	46
4 0 3 0 37 	3114.78442487	0.07532337	3
0 0 1 0 37 	704.72671478	0.06356270	55
4 0 3 0 38 	3144.72928873	0.07356270	3
0 0 1 0 40 	797.18031040	0.06556337	42
4 0 3 0 41 	3239.28143238	0.07556337	3
0 0 1 0 42 	862.75562016	0.06568337	29
4 0 3 0 43 	3306.24106467	0.07568337	2
0 0 1 0 43 	896.72370783	0.06392270	36
4 0 3 0 44 	3340.89740561	0.07392270	2
0 0 1 0 44 	931.48342526	0.06768337	28
4 0 3 0 45 	3376.34161213	0.07768337	2
0 0 1 0 45 	967.02482558	0.06404270	32
4 0 3 0 46 	3412.56441058	0.07404270	2
0 0 1 0 48 	1078.38331970	0.06792337	20
4 0 3 0 49 	3525.94883520	0.07792337	2
0 0 1 0 49 	1117.07266352	0.06428270	22
4 0 3 0 50 	3565.30683452	0.07428270	2
0 0 1 0 51 	1196.81631353	0.06440270	15
4 0 3 0 52 	3646.37790353	0.07440270	1
0 0 1 0 52 	1237.87010627	0.06816337	16
4 0 3 0 53 	3688.09058827	0.07816337	2
0 0 1 0 53 	1279.70452599	0.06452270	13
4 0 3 0 54 	3730.57927099	0.07452270	2
0 0 1 0 56 	1409.93164016	0.06840337	12
4 0 3 0 57 	3862.75184016	0.07840337	1
0 0 1 0 58 	1500.67376016	0.06852337	10
4 0 3 0 59 	3954.77176016	0.07852337	1
0 0 1 0 59 	0.00000000	0.00000000	6
4 0 3 0 60 	2454.73150000	0.01000000	1
4 0 3 0 0 	2560.36286155	0.09356030	2
0 0 1 0 2 	151.23033835	0.06000000	49
4 0 3 0 3 	2565.09858113	0.09012000	2
0 0 1 0 13 	220.84718809	0.06284030	56
4 0 3 0 14 	2643.22279246	0.06273030	3
0 0 1 0 16 	256.44268075	0.06272000	64
0 0 1 0 17 	269.88920805	0.06272030	61
4 0 3 0 17 	2681.09505087	0.09272060	2
4 0 3 0 18 	2695.29631490	0.06273100	4
0 0 1 0 20 	314.97195360	0.06272140	65
0 0 1 0 22 	348.97902328	0.06272220	73
4 0 3 0 21 	2742.62962328	0.06273220	4
0 0 1 0 23 	367.16789066	0.06272270	57
0 0 1 0 24 	386.14690674	0.06284220	58
4 0 3 0 23 	2778.12590674	0.06285220	4
4 0 3 0 24 	2797.05597691	0.06285270	4
0 0 1 0 26 	426.47479730	0.06296220	60
4 0 3 0 25 	2816.77359730	0.06297220	4
4 0 3 0 27 	2858.57165171	0.09296220	3
0 0 1 0 29 	492.89007878	0.06308270	52
4 0 3 0 30 	2927.17425673	0.09320270	2
0 0 1 0 32 	566.41210399	0.06508337	59
4 0 3 0 33 	3002.86048586	0.09520337	2
0 0 1 0 38 	734.75705785	0.06544337	36
0 0 1 0 39 	765.57338929	0.06368270	41
4 0 3 0 39 	3175.46208040	0.07556337	1
0 0 1 0 41 	829.57276629	0.06380270	39
4 0 3 0 40 	3206.97805929	0.09380270	2
4 0 3 0 42 	3272.36749783	0.09392270	2
0 0 1 0 46 	1003.35935899	0.06780337	27
4 0 3 0 47 	3449.57717570	0.09792337	2
4 0 4 0 1 	2640.83019667	0.09000000	4
4 0 4 0 2 	2642.40171098	0.07356030	3
4 0 4 0 3 	2644.75866524	0.09000000	4
4 0 4 0 4 	2647.90270104	0.09332030	4
4 0 4 0 5 	2651.83147548	0.07024000	3
4 0 4 0 6 	2656.54644346	0.09320030	3
4 0 4 0 7 	2662.04707221	0.09024000	2
4 0 4 0 8 	2668.33418426	0.07308030	3
4 0 4 0 9 	2675.40583173	0.09036000	4
4 0 4 0 10 	2683.26431423	0.09296030	4
4 0 4 0 11 	2691.90780526	0.09048000	4
4 0 4 0 12 	2701.33742260	0.07284030	3
4 0 4 0 13 	2711.55218250	0.09248000	2
4 0 4 0 14 	2722.55277828	0.09272030	4
4 0 4 0 15 	2734.33899955	0.09260000	4
4 0 4 0 16 	2746.91047125	0.09272030	4
4 0 4 0 17 	2760.26733931	0.09272000	4
4 0 4 0 18 	2774.40969898	0.09272030	4
4 0 4 0 19 	2789.33692487	0.09272060	2
4 0 4 0 20 	2805.05043240	0.09272100	4
4 0 4 0 21 	2821.54884794	0.09272140	4
4 0 4 0 22 	2838.83189228	0.09272180	4
4 0 4 0 23 	2856.90035071	0.07284220	3
4 0 4 0 24 	2875.75381185	0.07272270	3
4 0 4 0 26 	2915.81546919	0.09284270	4
4 0 4 0 28 	2959.01613493	0.07308270	3
4 0 4 0 29 	2981.79416965	0.09296337	4
4 0 4 0 31 	3029.70287714	0.09496337	2
4 0 4 0 32 	3054.83294506	0.09320270	4
4 0 4 0 33 	3080.74850543	0.09508337	4
4 0 4 0 34 	3107.44674734	0.09332270	4
4 0 4 0 35 	3134.93145886	0.07520337	1
4 0 4 0 36 	3163.19733553	0.09344270	4
4 0 4 0 38 	3222.08337064	0.09356270	3
4 0 4 0 39 	3252.70319130	0.07544337	3
4 0 4 0 40 	3284.10377718	0.07368270	3
4 0 4 0 41 	3316.29073040	0.07556337	1
4 0 4 0 43 	3383.01154016	0.07568337	1
4 0 4 0 44 	3417.54523671	0.07392270	2
4 0 4 0 49 	3601.96564717	0.07792337	2
4 0 4 0 50 	3641.19385852	0.07428270	2
0 0 1 0 50 	1156.55411464	0.06804337	17
4 0 4 0 51 	3681.20985546	0.07804337	2
4 0 4 0 52 	3722.00229353	0.07440270	1
4 0 4 0 53 	3763.58183627	0.07816337	1
4 0 4 0 54 	3805.93817101	0.07452270	2
0 0 1 0 54 	1322.32982626	0.06828337	12
4 0 4 0 55 	3849.08116626	0.07828337	1
0 0 1 0 55 	1365.73533603	0.06464270	14
4 0 4 0 56 	3893.00053603	0.07464270	1
4 0 4 0 59 	4029.45635516	0.07852337	2
4 0 4 0 60 	2529.28064999	0.01000000	2
0 0 1 0 60 	1594.55449016	0.06864337	5
4 0 4 0 61 	4124.32949016	0.07864337	1
4 0 4 0 0 	2640.04433655	0.09356030	2
4 0 4 0 25 	2895.39197424	0.07296220	2
4 0 4 0 27 	2937.02321716	0.09296337	2
4 0 4 0 30 	3005.35553773	0.09320270	2
4 0 4 0 42 	3349.25828783	0.09392270	2
4 0 4 0 45 	3452.86632899	0.07780337	1
4 0 4 0 47 	3525.85051970	0.07792337	1
4 0 4 0 48 	3563.51435352	0.07428270	1
4 0 4 0 57 	3937.70656016	0.07852337	1
0 0 1 0 61 	95.44949998	0.00012000	6
6 0 1 0 1 	3494.04695667	0.07000000	2
6 0 1 0 4 	3501.12313736	0.07344030	1
6 0 1 0 5 	3505.05385113	0.07012000	1
6 0 1 0 7 	3515.27367983	0.07024000	2
6 0 1 0 8 	3521.56338833	0.07308030	2
6 0 1 0 9 	3528.63867044	0.07036000	1
6 0 1 0 11 	3545.14739776	0.07048000	2
6 0 1 0 12 	3554.58099237	0.07284030	2
6 0 1 0 13 	3564.79970993	0.07248000	2
6 0 1 0 14 	3575.80458528	0.07272030	2
6 0 1 0 15 	3587.59490836	0.07260000	1
6 0 1 0 16 	3600.17102525	0.07272030	2
6 0 1 0 17 	3613.53298075	0.07272000	1
6 0 1 0 18 	3627.67986805	0.07272030	1
6 0 1 0 19 	3642.61252623	0.07272060	2
6 0 1 0 20 	3658.33010490	0.07272100	1
6 0 1 0 21 	3674.83334844	0.07272140	2
6 0 1 0 23 	3710.19423501	0.07272220	2
6 0 1 0 24 	3729.05225879	0.07272270	2
6 0 1 0 25 	3748.69493702	0.07284220	2
6 0 1 0 26 	3769.12214719	0.07284270	2
6 0 1 0 27 	3790.33387730	0.07296220	1
6 0 1 0 28 	3812.33007812	0.07296270	2
6 0 1 0 30 	3858.67506425	0.07308270	2
6 0 1 0 31 	3883.02446214	0.07496337	1
6 0 1 0 32 	3908.15554973	0.07320270	1
6 0 1 0 35 	3988.25465886	0.07520337	1
6 0 1 0 36 	4016.51931553	0.07344270	2
6 0 1 0 37 	4045.56955470	0.07532337	2
6 0 1 0 38 	4075.39981478	0.07356270	1
6 0 1 0 39 	4106.01568413	0.07544337	2
6 0 1 0 42 	4202.55128706	0.07380270	2
6 0 1 0 44 	4270.81888783	0.07392270	1
6 0 1 0 45 	4306.12752526	0.07768337	1
6 0 1 0 47 	4379.08397899	0.07780337	1
6 0 1 0 49 	4455.16371970	0.07792337	1
6 0 1 0 0 	3493.26093055	0.07356030	1
6 0 1 0 2 	3495.61923736	0.07344030	1
6 0 1 0 6 	3509.77098086	0.07320030	1
6 0 1 0 22 	3692.12119066	0.07272270	1
6 0 1 0 33 	3934.07295886	0.07520337	1
6 0 1 0 34 	3960.77098628	0.07344270	1
6 0 1 0 43 	4236.29712526	0.07768337	1
0 0 1 0 47 	1040.47501554	0.06416270	19
6 0 1 0 46 	4342.21201554	0.07416270	1
6 0 1 0 48 	4416.73026352	0.07428270	1
4 0 1 0 0 	2365.56843055	0.06362030	1
4 0 1 0 1 	2366.35278167	0.06006000	2
4 0 1 0 2 	2367.92259396	0.06350030	2
4 0 1 0 3 	2370.27625113	0.06018000	1
4 0 1 0 4 	2373.41540754	0.06338030	2
4 0 1 0 5 	2377.33852017	0.06018000	2
4 0 1 0 6 	2382.04689929	0.06326030	2
4 0 1 0 7 	2387.53920044	0.06042000	1
4 0 1 0 8 	2393.81689833	0.06314030	2
4 0 1 0 10 	2408.72509623	0.06302030	2
4 0 1 0 12 	2426.77127737	0.06290030	2
4 0 1 0 13 	2436.97068993	0.06254000	2
4 0 1 0 14 	2447.95510528	0.06278030	2
4 0 1 0 15 	2459.72341455	0.06266000	2
4 0 1 0 16 	2472.27605525	0.06278030	2
4 0 1 0 17 	2485.61288481	0.06278000	2
4 0 1 0 18 	2499.73381148	0.06278030	2
4 0 1 0 19 	2514.63880623	0.06278060	2
4 0 1 0 20 	2530.46974990	0.06278180	1
4 0 1 0 21 	2546.80058844	0.06278140	2
4 0 1 0 22 	2564.05729028	0.06278180	2
4 0 1 0 23 	2582.09774001	0.06278220	2
4 0 1 0 25 	2620.52954702	0.06290220	2
4 0 1 0 26 	2640.92070719	0.06290270	2
4 0 1 0 27 	2662.09517523	0.06302220	2
4 0 1 0 28 	2684.05291812	0.06302270	2
4 0 1 0 30 	2730.31797973	0.06326270	1
4 0 1 0 31 	2754.62600399	0.06514337	1
4 0 1 0 32 	2779.71462206	0.06326270	2
4 0 1 0 33 	2805.58820143	0.06514337	2
4 0 1 0 34 	2832.24202534	0.06338270	2
4 0 1 0 35 	2859.68064521	0.06526337	2
4 0 1 0 36 	2887.89926053	0.06350270	2
4 0 1 0 37 	2916.90238970	0.06538337	2
4 0 1 0 38 	2946.68511929	0.06374270	1
4 0 1 0 39 	2977.25226913	0.06550337	2
4 0 1 0 40 	3008.59867779	0.06374270	2
4 0 1 0 41 	3040.72911528	0.06562337	2
4 0 1 0 42 	3073.63854206	0.06386270	2
4 0 1 0 43 	3107.33326526	0.06774337	1
4 0 1 0 44 	3141.80348171	0.06398270	2
4 0 1 0 45 	3177.06037213	0.06774337	2
4 0 1 0 46 	3213.09224056	0.06410270	2
4 0 1 0 48 	3287.50354453	0.06422270	2
4 0 1 0 50 	3365.03588352	0.06434270	2
4 0 1 0 51 	3404.97466546	0.06810337	2
4 0 1 0 52 	3445.68770476	0.06446270	2
4 0 1 0 55 	3572.51362321	0.06834337	2
0 0 1 0 57 	1454.90772674	0.06476270	8
4 0 1 0 56 	3616.34337139	0.06470270	2
4 0 1 0 57 	3660.95702016	0.06858337	1
4 0 1 0 59 	3752.51436016	0.06858337	2
4 0 1 0 9 	2400.87832044	0.06042000	1
4 0 1 0 11 	2417.35556402	0.06054000	1
4 0 1 0 24 	2600.92182066	0.06278270	1
4 0 1 0 29 	2706.79385316	0.06302337	1
4 0 1 0 47 	3249.91065899	0.06786337	1
4 0 1 0 49 	3325.88237970	0.06798337	1
4 0 1 0 54 	3529.45746599	0.06458270	1
4 0 1 0 60 	2252.23814000	0.00006000	1
4 0 1 0 62 	2348.46274998	0.00018000	1
0 0 1 0 63 	194.03458998	0.00024000	2
4 0 1 0 64 	2447.79629998	0.00030000	1
4 0 2 0 6 	2459.53798772	0.09332030	1
4 0 2 0 7 	2465.09631921	0.09024000	1
4 0 2 0 8 	2471.44334086	0.09320030	1
4 0 2 0 9 	2478.58288723	0.09036000	2
4 0 2 0 11 	2495.24634150	0.06249000	3
4 0 2 0 12 	2504.76633737	0.09284030	2
4 0 2 0 18 	2578.54481490	0.06273100	3
4 0 2 0 22 	2643.57424990	0.09272180	1
4 0 2 0 23 	2661.81732328	0.09272220	1
4 0 2 0 24 	2680.84719066	0.09272270	1
4 0 2 0 25 	2700.67115202	0.09284220	2
4 0 2 0 26 	2721.28563219	0.09284270	2
4 0 2 0 27 	2742.68671523	0.09296220	2
4 0 2 0 28 	2764.88098312	0.09296270	2
4 0 2 0 29 	2787.86906265	0.09296337	2
4 0 2 0 30 	2811.64741425	0.09308270	2
4 0 2 0 31 	2836.21609214	0.09496337	1
4 0 2 0 32 	2861.57190206	0.09320270	2
4 0 2 0 33 	2887.72500399	0.09508337	1
4 0 2 0 36 	2970.90168628	0.09344270	1
4 0 2 0 37 	3000.21875156	0.09532337	1
4 0 2 0 38 	3030.30681478	0.09356270	1
4 0 2 0 39 	3061.19005785	0.09544337	1
4 0 2 0 40 	3092.85608929	0.09368270	1
4 0 2 0 41 	3125.32651040	0.09556337	1
4 0 2 0 42 	3158.56966629	0.09380270	1
4 0 2 0 10 	2486.51858666	0.06297030	2
4 0 2 0 15 	2638.08788075	0.09272000	1
4 0 2 0 16 	2650.78010805	0.09272030	1
4 0 2 0 17 	2664.26610887	0.09272060	1
4 0 2 0 19 	2593.61515360	0.06273140	2
4 0 2 0 20 	2609.47724990	0.09272180	1
4 0 2 0 21 	2626.13482328	0.09272220	1
4 0 2 0 34 	2914.65158628	0.09344270	1
4 0 2 0 35 	2942.38595156	0.09532337	1
4 0 3 0 51 	3605.45420627	0.09816337	1
4 0 3 0 55 	3773.86144016	0.09840337	1
4 0 3 0 56 	3817.90932674	0.09476270	1
2 0 2 0 39 	2010.19417293	0.06562337	2
2 0 2 0 38 	1979.48751966	0.06362270	3
2 0 2 0 32 	1811.75710937	0.06338270	2
2 0 2 0 31 	1786.55464879	0.06514337	2
2 0 2 0 30 	1762.13637490	0.06314270	3
12 0 1 0 0 	6707.53073055	0.06506030	1
12 0 1 0 1 	6708.30200667	0.06150000	2
12 0 1 0 2 	6709.84903736	0.06494030	1
12 0 1 0 3 	6712.16194474	0.06150000	2
12 0 1 0 6 	6723.73941429	0.06470030	2
12 0 1 0 7 	6729.14104483	0.06174000	2
12 0 1 0 8 	6735.31526833	0.06458030	2
12 0 1 0 9 	6742.25960402	0.06198000	1
12 0 1 0 10 	6749.97809123	0.06446030	2
12 0 1 0 11 	6758.46634150	0.06398000	1
12 0 1 0 12 	6767.72833737	0.06434030	2
12 0 1 0 13 	6777.75977836	0.06410000	1
12 0 1 0 14 	6788.56404028	0.06422030	2
12 0 1 0 15 	6800.14002955	0.06410000	2
12 0 1 0 16 	6812.48600025	0.06422030	2
12 0 1 0 17 	6825.60314481	0.06422000	2
12 0 1 0 18 	6839.49271148	0.06422030	2
12 0 1 0 21 	6885.78613844	0.06422140	2
12 0 1 0 22 	6902.75997028	0.06422180	2
12 0 1 0 23 	6920.50310674	0.06434220	1
12 0 1 0 24 	6939.01838379	0.06422270	2
12 0 1 0 26 	6978.35958219	0.06434270	2
12 0 1 0 29 	7043.14976265	0.06446337	2
12 0 1 0 30 	7066.28571425	0.06458270	2
12 0 1 0 31 	7090.19410399	0.06658337	1
12 0 1 0 33 	7140.31653143	0.06658337	2
12 0 1 0 34 	7166.53227034	0.06482270	2
12 0 1 0 35 	7193.51875521	0.06670337	2
12 0 1 0 36 	7221.27285053	0.06494270	2
12 0 1 0 39 	7309.15371040	0.06706337	1
12 0 1 0 40 	7339.98052779	0.06518270	2
12 0 1 0 42 	7403.95188706	0.06530270	2
12 0 1 0 44 	7470.99256671	0.06542270	2
12 0 1 0 45 	7505.66844213	0.06918337	2
12 0 1 0 47 	7577.31293934	0.06930337	2
12 0 1 0 48 	7614.28918953	0.06566270	2
10 0 11 0 1 	6290.18973835	0.06150000	1
10 0 11 0 2 	6291.75243396	0.06494030	2
10 0 11 0 3 	6294.08959474	0.06150000	2
10 0 11 0 4 	6297.20778772	0.06482030	1
10 0 11 0 5 	6301.10903517	0.06162000	2
10 0 11 0 6 	6305.78781429	0.06470030	2
10 0 11 0 7 	6311.24659483	0.06174000	2
10 0 11 0 8 	6317.48521833	0.06458030	2
10 0 11 0 9 	6324.50443723	0.06186000	2
10 0 11 0 10 	6332.29879581	0.06458030	1
10 0 11 0 11 	6340.87980402	0.06198000	1
10 0 11 0 13 	6360.37634150	0.06398000	1
10 0 11 0 14 	6371.29128809	0.06434030	1
10 0 11 0 15 	6382.98707836	0.06410000	1
10 0 11 0 16 	6395.46409246	0.06422030	1
10 0 11 0 18 	6422.75480805	0.06422030	1
10 0 11 0 19 	6437.56850887	0.06422060	1
10 0 11 0 20 	6453.16103144	0.06372180	2
10 0 11 0 21 	6469.53461723	0.06372220	2
10 0 11 0 22 	6486.68739351	0.06372270	2
10 0 11 0 23 	6504.61942328	0.06422220	1
10 0 11 0 24 	6523.32948114	0.06384270	2
10 0 11 0 26 	6563.08905345	0.06396270	2
10 0 11 0 28 	6605.96425068	0.06408270	2
10 0 11 0 29 	6628.57116630	0.06446337	2
10 0 11 0 31 	6676.12099214	0.06646337	1
10 0 11 0 32 	6701.06193758	0.06432270	2
10 0 11 0 33 	6726.78428044	0.06620337	2
10 0 11 0 34 	6753.28354570	0.06444270	2
10 0 11 0 35 	6780.56248458	0.06632337	2
10 0 11 0 36 	6808.61879063	0.06456270	2
10 0 11 0 37 	6837.45454053	0.06644337	2
10 0 11 0 38 	6867.06834328	0.06468270	2
10 0 11 0 40 	6928.63115798	0.06480270	2
10 0 11 0 41 	6960.58015562	0.06668337	2
10 0 11 0 42 	6993.30486629	0.06530270	1
10 0 11 0 43 	7026.81380831	0.06718337	2
10 0 11 0 44 	7061.09411243	0.06504270	2
12 0 1 0 4 	6715.24903736	0.06494030	1
12 0 1 0 5 	6719.10815113	0.06162000	1
12 0 1 0 19 	6854.15330887	0.06422060	1
12 0 1 0 25 	6958.30340674	0.06434220	1
12 0 1 0 27 	6999.18519730	0.06446220	1
12 0 1 0 28 	7020.78198747	0.06446270	1
12 0 1 0 32 	7114.86954973	0.06470270	1
12 0 1 0 37 	7249.79895156	0.06682337	1
12 0 1 0 38 	7279.09231478	0.06506270	1
12 0 1 0 41 	7371.58491040	0.06706337	1
12 0 1 0 43 	7437.09012016	0.06718337	1
12 0 1 0 46 	7541.10522558	0.06554270	1
12 0 1 0 51 	7729.82421464	0.06954337	1
12 0 4 0 0 	6851.79053055	0.06506030	1
12 0 4 0 1 	6852.56685667	0.06150000	2
12 0 4 0 2 	6854.11973396	0.06494030	2
12 0 4 0 3 	6856.44604474	0.06150000	2
12 0 4 0 4 	6859.55451254	0.06482030	2
12 0 4 0 5 	6863.43393517	0.06162000	2
12 0 4 0 6 	6868.09171429	0.06470030	2
12 0 4 0 7 	6873.52634483	0.06174000	2
12 0 4 0 8 	6879.73621833	0.06458030	2
12 0 4 0 9 	6886.72073723	0.06186000	2
12 0 4 0 11 	6903.02302276	0.06198000	2
12 0 4 0 12 	6912.33818809	0.06434030	1
12 0 4 0 13 	6922.42977836	0.06410000	1
12 0 4 0 14 	6933.29359028	0.06422030	2
12 0 4 0 15 	6944.93587955	0.06410000	2
12 0 4 0 16 	6957.35350025	0.06422030	2
12 0 4 0 17 	6970.54704481	0.06422000	2
12 0 4 0 18 	6984.51666148	0.06422030	2
12 0 4 0 19 	6999.26085360	0.06422140	1
12 0 4 0 20 	7014.78108240	0.06422100	2
12 0 4 0 21 	7031.07478844	0.06422140	2
12 0 4 0 22 	7048.14532028	0.06422180	2
12 0 4 0 23 	7065.99071501	0.06422220	2
12 0 4 0 24 	7084.61083379	0.06422270	2
12 0 4 0 25 	7104.00635202	0.06434220	2
12 0 4 0 26 	7124.17728219	0.06434270	2
12 0 4 0 28 	7166.83907878	0.06458270	1
12 0 4 0 29 	7189.33371265	0.06446337	2
12 0 4 0 30 	7212.60014973	0.06470270	1
12 0 4 0 31 	7236.64270399	0.06658337	1
12 0 4 0 32 	7261.45665440	0.06482270	1
12 0 4 0 34 	7313.40787034	0.06482270	2
12 0 4 0 35 	7340.54665521	0.06670337	2
12 0 4 0 36 	7368.45500053	0.06494270	2
12 0 4 0 39 	7456.82128413	0.06694337	2
12 0 4 0 27 	7145.12119730	0.06446220	1
12 0 4 0 38 	7426.59221478	0.06506270	1
12 0 4 0 40 	7487.82788929	0.06518270	1
10 0 10 0 1 	6205.46355667	0.06100000	2
10 0 10 0 2 	6207.02843396	0.06444030	2
10 0 10 0 3 	6209.37585113	0.06112000	1
10 0 10 0 6 	6221.11416429	0.06420030	2
10 0 10 0 10 	6247.71644123	0.06396030	2
10 0 10 0 11 	6256.32292276	0.06148000	2
10 0 10 0 12 	6265.71003737	0.06384030	2
10 0 10 0 13 	6275.88287836	0.06360000	1
10 0 10 0 17 	6324.38034481	0.06372000	2
10 0 10 0 19 	6353.32033123	0.06372060	2
10 0 10 0 20 	6368.96163240	0.06372100	2
10 0 10 0 21 	6385.38553844	0.06372140	2
10 0 10 0 22 	6402.58997028	0.06372180	2
10 0 10 0 23 	6420.57400674	0.06384220	1
10 0 10 0 24 	6439.33953379	0.06372270	2
10 0 10 0 25 	6458.88650202	0.06384220	2
10 0 10 0 26 	6479.21423219	0.06384270	2
10 0 10 0 27 	6500.32151523	0.06396220	2
10 0 10 0 28 	6522.20983312	0.06396270	2
10 0 10 0 29 	6544.87686265	0.06396337	2
10 0 10 0 30 	6568.32396425	0.06408270	2
10 0 10 0 31 	6592.55244807	0.06596337	2
10 0 10 0 32 	6617.55870206	0.06420270	2
10 0 10 0 33 	6643.34508143	0.06608337	2
10 0 10 0 34 	6669.90807034	0.06432270	2
10 0 10 0 35 	6697.25510521	0.06620337	2
10 0 10 0 37 	6754.28025470	0.06632337	2
10 0 10 0 38 	6783.95900203	0.06456270	2
10 0 10 0 39 	6814.41858413	0.06644337	2
10 0 10 0 40 	6845.65357779	0.06468270	2
10 0 10 0 41 	6877.66702016	0.06668337	1
10 0 10 0 42 	6910.45923706	0.06480270	2
10 0 10 0 44 	6978.37301671	0.06492270	2
10 0 10 0 45 	7013.49804213	0.06868337	2
10 0 10 0 46 	7049.39427056	0.06504270	2
10 0 10 0 47 	7086.07251970	0.06892337	1
10 0 10 0 4 	6212.50833736	0.06444030	1
10 0 10 0 5 	6216.41935113	0.06112000	1
10 0 10 0 7 	6226.59061921	0.06124000	1
10 0 10 0 8 	6232.84944086	0.06420030	1
10 0 10 0 9 	6239.89237044	0.06136000	1
10 0 10 0 14 	6286.83298809	0.06384030	1
10 0 10 0 15 	6298.56637836	0.06360000	1
10 0 10 0 16 	6311.08189246	0.06372030	1
10 0 10 0 18 	6338.46130805	0.06372030	1
10 0 10 0 43 	6944.02862016	0.06668337	1
10 0 11 0 25 	6542.81729730	0.06396220	1
10 0 11 0 27 	6584.13693316	0.06396337	1
10 0 11 0 30 	6651.95504973	0.06420270	1
10 0 11 0 39 	6897.46981040	0.06656337	1
10 0 11 0 45 	7096.15715899	0.06880337	1
10 0 11 0 46 	7131.99487056	0.06504270	2
10 0 11 0 48 	7206.00496352	0.06528270	1
10 0 11 0 49 	7244.18001464	0.06904337	1
10 0 11 0 50 	7283.12801353	0.06540270	1
10 0 11 0 51 	7322.85560627	0.06916337	1
10 0 11 0 52 	7363.36402599	0.06552270	1
10 0 11 0 53 	7404.65012626	0.06928337	1
10 0 11 0 47 	7168.61415899	0.06880337	1
10 0 12 0 8 	6406.62444086	0.06420030	1
10 0 12 0 10 	6421.53459581	0.06408030	1
10 0 12 0 11 	6430.16590402	0.06148000	1
10 0 12 0 12 	6439.57638666	0.06396030	1
10 0 12 0 13 	6449.77274150	0.06348000	1
10 0 12 0 14 	6460.75088809	0.06384030	1
10 0 12 0 15 	6472.51287836	0.06360000	1
10 0 12 0 17 	6498.38538075	0.06372000	1
10 0 12 0 18 	6512.49450805	0.06372030	1
10 0 12 0 19 	6527.38900887	0.06372060	1
10 0 12 0 21 	6559.52475360	0.06372140	1
10 0 12 0 23 	6594.79232328	0.06372220	1
10 0 12 0 25 	6633.19130674	0.06384220	1
10 0 12 0 26 	6653.56557691	0.06384270	1
10 0 12 0 27 	6674.72459730	0.06396220	1
10 0 12 0 29 	6719.37693316	0.06396337	1
10 0 12 0 30 	6742.89217878	0.06408270	1
10 0 12 0 32 	6792.25694973	0.06420270	1
10 0 12 0 33 	6818.11210399	0.06608337	1
10 0 12 0 34 	6844.74875440	0.06432270	1
10 0 12 0 35 	6872.17325886	0.06620337	1
10 0 12 0 36 	6900.37558628	0.06444270	1
12 0 2 0 12 	6799.17348666	0.06396030	1
12 0 2 0 13 	6809.32584150	0.06348000	1
12 0 2 0 14 	6820.25728809	0.06384030	1
12 0 2 0 15 	6831.96837836	0.06360000	1
12 0 2 0 17 	6857.73658075	0.06372000	1
12 0 2 0 18 	6871.78650805	0.06372030	1
12 0 2 0 19 	6886.61760887	0.06372060	1
12 0 2 0 25 	6991.98170674	0.06384220	1
12 0 2 0 26 	7012.26938219	0.06384270	2
12 0 2 0 27 	7033.33129730	0.06396220	1
12 0 2 0 29 	7077.80643316	0.06396337	1
12 0 2 0 30 	7101.20517878	0.06408270	1
12 0 2 0 32 	7150.34204973	0.06420270	1
12 0 2 0 34 	7202.58802034	0.06432270	2
12 0 2 0 35 	7229.87895886	0.06620337	1
12 0 2 0 37 	7286.78835156	0.06632337	1
12 0 2 0 38 	7316.40891478	0.06456270	1
12 0 2 0 40 	7377.97478929	0.06468270	1
12 0 2 0 43 	7476.14582016	0.06668337	1
12 0 2 0 44 	7510.41870783	0.06492270	1
12 0 2 0 46 	7581.29252558	0.06504270	1
12 0 2 0 47 	7617.89265899	0.06880337	1
12 0 2 0 50 	7732.32686352	0.06528270	1
12 0 2 0 6 	6754.66004086	0.06420030	1
12 0 2 0 9 	6773.40330402	0.06148000	1
12 0 2 0 22 	6935.79059066	0.06372270	1
12 0 2 0 23 	6953.74220674	0.06384220	1
12 0 2 0 24 	6972.47207691	0.06384270	1
12 0 2 0 28 	7055.17467878	0.06508270	1
12 0 6 0 0 	6928.08853055	0.06456030	1
12 0 6 0 1 	6928.86393835	0.06100000	1
12 0 6 0 2 	6930.40363736	0.06444030	1
12 0 6 0 4 	6935.81721254	0.06432030	2
12 0 6 0 6 	6944.31726429	0.06420030	2
12 0 6 0 7 	6949.72747044	0.06136000	1
12 0 6 0 9 	6962.86738723	0.06136000	2
12 0 6 0 10 	6970.59449123	0.06396030	2
12 0 6 0 11 	6979.09667276	0.06148000	2
12 0 6 0 12 	6988.37043737	0.06384030	2
12 0 6 0 13 	6998.41927836	0.06360000	1
12 0 6 0 14 	7009.23354028	0.06372030	2
12 0 6 0 15 	7020.82657955	0.06360000	2
12 0 6 0 16 	7033.19050025	0.06372030	2
12 0 6 0 17 	7046.32799481	0.06372000	2
12 0 6 0 18 	7060.23801490	0.06372100	1
12 0 6 0 19 	7074.92115360	0.06372140	1
12 0 6 0 20 	7090.37178240	0.06372100	2
12 0 6 0 21 	7106.60083844	0.06372140	2
12 0 6 0 23 	7141.36871501	0.06372220	2
12 0 6 0 24 	7159.91068379	0.06372270	2
12 0 6 0 25 	7179.22650202	0.06384220	2
12 0 6 0 26 	7199.31358747	0.06396270	1
12 0 6 0 29 	7264.20626265	0.06396337	2
12 0 6 0 31 	7311.32580399	0.06608337	1
12 0 6 0 32 	7336.04080206	0.06420270	2
12 0 6 0 33 	7361.53303143	0.06608337	2
12 0 6 0 34 	7387.78832034	0.06432270	2
12 0 6 0 35 	7414.82155521	0.06620337	2
12 0 6 0 36 	7442.62320053	0.06444270	2
12 0 6 0 37 	7471.19655470	0.06632337	2
12 0 6 0 38 	7500.53948929	0.06468270	1
12 0 6 0 39 	7530.65503413	0.06644337	2
12 0 6 0 40 	7561.54336629	0.06480270	1
12 0 6 0 42 	7625.62353706	0.06480270	2
12 0 6 0 43 	7658.82232526	0.06868337	1
12 0 6 0 44 	7692.78956671	0.06492270	2
12 0 6 0 45 	7727.53154213	0.06868337	2
12 0 6 0 5 	6939.67935113	0.06112000	1
12 0 6 0 22 	7123.59804990	0.06372180	1
12 0 6 0 27 	7220.17139730	0.06396220	1
12 0 6 0 28 	7241.80168747	0.06396270	1
12 0 6 0 30 	7287.37607878	0.06408270	1
12 0 6 0 41 	7593.19761040	0.06656337	1
12 0 10 0 2 	7157.52263949	0.06444030	3
12 0 10 0 3 	7159.85099474	0.06100000	2
12 0 10 0 4 	7162.95373093	0.06432030	3
12 0 10 0 5 	7166.83266017	0.06112000	4
12 0 10 0 6 	7171.48423315	0.06420030	3
12 0 10 0 8 	7183.11950416	0.06408030	3
12 0 10 0 9 	7190.09970223	0.06136000	4
12 0 10 0 10 	7197.85748373	0.06396030	4
12 0 10 0 11 	7206.38645150	0.06348000	2
12 0 10 0 12 	7215.69479237	0.06384030	4
12 0 10 0 13 	7225.77600336	0.06360000	2
12 0 10 0 14 	7236.63454528	0.06372030	4
12 0 10 0 15 	7248.26683955	0.06360000	4
12 0 10 0 16 	7260.67511525	0.06372030	4
12 0 10 0 17 	7273.85980887	0.06372060	2
12 0 10 0 19 	7302.54990123	0.06372060	4
12 0 10 0 20 	7318.05624157	0.06372100	3
12 0 10 0 21 	7334.34062594	0.06372140	4
12 0 10 0 22 	7351.39805708	0.06372180	3
12 0 10 0 24 	7387.83701691	0.06384270	2
12 0 10 0 26 	7427.37498969	0.06384270	4
12 0 10 0 27 	7448.30477316	0.06396337	2
12 0 10 0 28 	7470.00906062	0.06396270	4
12 0 10 0 29 	7492.48851515	0.06396337	4
12 0 10 0 31 	7539.76644899	0.06608337	2
12 0 10 0 33 	7590.14234643	0.06608337	4
12 0 10 0 34 	7616.48893232	0.06432270	3
12 0 10 0 35 	7643.61316310	0.06620337	3
12 0 10 0 7 	7176.91586921	0.06124000	2
12 0 10 0 18 	7287.81634805	0.06372030	1
12 0 10 0 23 	7369.22955328	0.06372220	2
12 0 10 0 25 	7407.22149674	0.06384220	1
12 0 10 0 30 	7515.73968378	0.06408270	2
12 0 10 0 36 	7671.50479911	0.06444270	3
12 0 10 0 37 	7700.17665156	0.06632337	1
14 0 9 0 40 	8747.79175629	0.06480270	1
14 0 9 0 39 	8716.94251040	0.06656337	1
14 0 9 0 38 	8686.86199203	0.06456270	2
14 0 9 0 37 	8657.55480970	0.06632337	2
14 0 9 0 36 	8629.01463553	0.06444270	2
14 0 9 0 34 	8574.24981628	0.06444270	1
14 0 9 0 33 	8548.02550643	0.06608337	2
14 0 9 0 32 	8522.56843206	0.06420270	2
14 0 9 0 31 	8497.88473307	0.06596337	2
14 0 9 0 30 	8473.96967925	0.06408270	2
14 0 9 0 29 	8450.82774765	0.06396337	2
14 0 9 0 27 	8406.85459523	0.06396220	2
14 0 9 0 26 	8386.02499747	0.06396270	1
14 0 9 0 25 	8365.96568730	0.06396220	1
14 0 9 0 24 	8346.67901691	0.06384270	1
14 0 9 0 23 	8328.16287501	0.06372220	2
14 0 9 0 22 	8310.41665528	0.06372180	2
14 0 9 0 21 	8293.44394328	0.06372220	1
14 0 9 0 20 	8277.24158240	0.06372100	2
14 0 9 0 18 	8247.15052148	0.06372030	2
14 0 9 0 17 	8233.26224481	0.06372000	2
14 0 9 0 16 	8220.14544525	0.06372030	2
14 0 9 0 14 	8196.22566028	0.06372030	2
14 0 9 0 13 	8185.42281493	0.06348000	2
14 0 9 0 12 	8175.39206809	0.06384030	1
14 0 9 0 11 	8166.13257276	0.06148000	2
14 0 9 0 10 	8157.64442123	0.06396030	2
14 0 9 0 8 	8142.98348833	0.06408030	2
14 0 9 0 7 	8136.81037483	0.06124000	2
14 0 9 0 6 	8131.40857929	0.06420030	2
14 0 9 0 5 	8126.77811517	0.06112000	2
14 0 9 0 3 	8119.83306474	0.06100000	2
14 0 9 0 2 	8117.51835736	0.06444030	1
14 0 9 0 1 	8115.97900835	0.06100000	1
14 0 9 0 0 	8115.20518055	0.06456030	1
14 0 9 0 15 	8207.80014836	0.06360000	1
14 0 9 0 19 	8261.81067887	0.06372060	1
14 0 9 0 35 	8601.24707886	0.06620337	1
14 0 14 0 28 	8596.20043312	0.06396270	2
14 0 14 0 26 	8553.56902747	0.06396270	1
14 0 14 0 25 	8533.41433730	0.06396220	1
14 0 14 0 24 	8514.03291691	0.06384270	1
14 0 14 0 23 	8495.42584501	0.06372220	2
14 0 14 0 22 	8477.59328028	0.06372180	2
14 0 14 0 21 	8460.53393344	0.06372140	2
14 0 14 0 19 	8428.73985123	0.06372060	2
14 0 14 0 18 	8414.00619148	0.06372030	2
14 0 14 0 16 	8386.86134025	0.06372030	2
14 0 14 0 15 	8374.45188955	0.06360000	2
14 0 14 0 14 	8362.81674528	0.06372030	2
14 0 14 0 13 	8351.95677993	0.06348000	2
14 0 14 0 12 	8341.87271737	0.06384030	2
14 0 14 0 11 	8332.56370150	0.06348000	1
14 0 14 0 9 	8316.27244723	0.06136000	2
14 0 14 0 8 	8309.29081581	0.06408030	1
14 0 14 0 7 	8303.08374044	0.06136000	1
14 0 14 0 6 	8297.65273929	0.06420030	2
14 0 14 0 4 	8289.11833772	0.06432030	1
14 0 14 0 3 	8286.01589974	0.06100000	2
14 0 14 0 2 	8283.68754396	0.06444030	2
14 0 14 0 1 	8282.13595835	0.06100000	1
14 0 14 0 10 	8324.03051581	0.06408030	1
14 0 14 0 17 	8400.04637075	0.06372000	1
14 0 14 0 20 	8444.25077490	0.06372100	1
14 0 14 0 29 	8618.67641316	0.06396337	1
14 0 14 0 31 	8665.94908214	0.06596337	1
14 0 14 0 34 	8742.64957440	0.06432270	1
10 0 5 0 8 	5867.53689086	0.06420030	1
10 0 5 0 10 	5882.42445581	0.06408030	1
10 0 5 0 11 	5891.04402402	0.06148000	1
10 0 5 0 12 	5900.44981666	0.06396030	1
10 0 5 0 13 	5910.63729150	0.06348000	1
10 0 5 0 14 	5921.60731809	0.06384030	1
10 0 5 0 15 	5933.36117836	0.06360000	1
10 0 5 0 16 	5945.89810246	0.06372030	1
10 0 5 0 17 	5959.21491075	0.06372000	1
10 0 5 0 18 	5973.32088805	0.06372030	1
10 0 5 0 19 	5988.20553887	0.06372060	1
10 0 5 0 20 	6003.87349490	0.06372100	1
10 0 5 0 21 	6020.32373360	0.06372140	1
10 0 5 0 23 	6055.57084328	0.06372220	1
10 0 5 0 24 	6074.36871066	0.06372270	1
10 0 5 0 25 	6093.94680674	0.06384220	1
10 0 5 0 26 	6114.30831691	0.06384270	1
10 0 5 0 27 	6135.44996730	0.06396220	1
10 0 5 0 28 	6157.37429747	0.06396270	1
10 0 5 0 29 	6180.07917316	0.06396337	1
10 0 5 0 30 	6203.56485878	0.06408270	1
10 0 5 0 31 	6227.83289214	0.06596337	1
10 0 5 0 32 	6252.87853973	0.06420270	1
10 0 5 0 33 	6278.70763399	0.06608337	1
10 0 5 0 34 	6305.31431440	0.06432270	1
10 0 5 0 35 	6332.70436886	0.06620337	1
10 0 6 0 0 	6014.91024055	0.06556030	1
10 0 6 0 1 	6015.69121835	0.06100000	1
10 0 6 0 2 	6017.24823896	0.06444030	2
10 0 6 0 3 	6019.58161474	0.06100000	2
10 0 6 0 4 	6022.69371254	0.06432030	2
10 0 6 0 5 	6026.58318517	0.06112000	2
10 0 6 0 6 	6031.25156929	0.06420030	2
10 0 6 0 8 	6042.92069333	0.06408030	2
10 0 6 0 20 	6178.27699990	0.06372180	1
10 0 6 0 21 	6194.61252344	0.06372140	2
10 0 6 0 22 	6211.72508066	0.06372270	1
10 0 6 0 23 	6229.61450001	0.06372220	2
10 0 6 0 24 	6248.28189879	0.06372270	2
10 0 6 0 25 	6267.72649702	0.06384220	2
10 0 6 0 26 	6287.94851219	0.06384270	2
10 0 6 0 27 	6308.94845316	0.06396337	1
10 0 6 0 28 	6330.72538878	0.06408270	1
10 0 6 0 30 	6376.60990925	0.06408270	2
10 0 6 0 31 	6400.72042307	0.06596337	2
10 0 6 0 32 	6425.60479706	0.06420270	2
10 0 6 0 33 	6451.26809143	0.06608337	2
10 0 6 0 34 	6477.70628628	0.06444270	1
10 0 6 0 35 	6504.92386156	0.06632337	1
10 0 6 0 36 	6532.91672053	0.06444270	2
10 0 6 0 37 	6561.68770470	0.06632337	2
10 0 6 0 38 	6591.23340203	0.06456270	2
10 0 6 0 39 	6621.55846913	0.06644337	2
10 0 6 0 40 	6652.65799629	0.06480270	1
10 0 6 0 41 	6684.53596016	0.06668337	1
10 0 6 0 42 	6717.18801206	0.06480270	2
10 0 6 0 43 	6750.62021526	0.06868337	1
10 0 6 0 44 	6784.82386171	0.06492270	2
10 0 6 0 45 	6819.80947899	0.06880337	1
10 0 6 0 46 	6855.56571556	0.06504270	2
10 0 6 0 49 	6967.50410217	0.06892337	2
10 0 6 0 7 	6036.69591921	0.06224000	1
10 0 6 0 11 	6066.25910402	0.06148000	1
10 0 6 0 12 	6075.59504666	0.06396030	1
10 0 6 0 13 	6085.70755150	0.06348000	1
10 0 6 0 15 	6108.26773836	0.06360000	1
10 0 6 0 16 	6120.71443246	0.06372030	1
10 0 6 0 17 	6133.93656075	0.06472000	1
10 0 6 0 19 	6162.71942887	0.06372060	1
10 0 6 0 47 	6892.10414899	0.06880337	1
10 0 6 0 50 	7006.36434352	0.06528270	1
10 0 6 0 52 	7086.41993353	0.06540270	1
10 0 6 0 54 	7169.57879599	0.06552270	1
10 0 8 0 0 	5942.09449055	0.06456030	1
10 0 8 0 1 	5942.87418167	0.06100000	2
10 0 8 0 2 	5944.43240396	0.06444030	2
10 0 8 0 3 	5946.76946474	0.06100000	2
10 0 8 0 4 	5949.88632254	0.06432030	2
10 0 8 0 5 	5953.78126517	0.06112000	2
10 0 8 0 6 	5958.45649929	0.06420030	2
10 0 8 0 7 	5963.90933983	0.06124000	2
10 0 8 0 8 	5970.14233682	0.06408030	2
10 0 8 0 9 	5977.15348223	0.06136000	2
10 0 8 0 10 	5984.94423623	0.06396030	2
10 0 8 0 11 	5993.51305776	0.06148000	2
10 0 8 0 12 	6002.86165237	0.06384030	2
10 0 8 0 13 	6012.98809993	0.06348000	2
10 0 8 0 14 	6023.89360528	0.06372030	2
10 0 8 0 15 	6035.57772455	0.06360000	2
10 0 8 0 21 	6122.02867535	0.06372220	2
10 0 8 0 22 	6139.16082528	0.06372180	2
10 0 8 0 23 	6157.07074001	0.06372220	2
10 0 8 0 24 	6175.75881379	0.06372270	2
10 0 8 0 25 	6195.22460702	0.06384220	2
10 0 8 0 26 	6215.46774719	0.06384270	2
10 0 8 0 27 	6236.48794023	0.06396220	2
10 0 8 0 28 	6258.28585312	0.06396270	2
10 0 8 0 29 	6280.86150765	0.06396337	2
10 0 8 0 30 	6304.21285925	0.06408270	2
10 0 8 0 31 	6328.34310807	0.06596337	2
10 0 8 0 32 	6353.24765206	0.06420270	2
10 0 8 0 33 	6378.93128989	0.06620337	2
10 0 8 0 34 	6405.38863534	0.06432270	2
10 0 8 0 35 	6432.62497521	0.06620337	2
10 0 8 0 36 	6460.63549053	0.06444270	2
10 0 8 0 37 	6489.42408470	0.06632337	2
10 0 8 0 38 	6518.98623203	0.06456270	2
10 0 8 0 39 	6549.32581413	0.06644337	2
10 0 8 0 40 	6580.43886779	0.06468270	2
10 0 8 0 41 	6612.32990528	0.06656337	2
10 0 8 0 42 	6644.99228206	0.06480270	2
10 0 8 0 43 	6678.43465271	0.06668337	2
10 0 8 0 44 	6712.64588558	0.06504270	1
10 0 8 0 47 	6819.93939913	0.06880337	2
10 0 8 0 48 	6857.24894953	0.06516270	2
10 0 8 0 49 	6895.33574217	0.06892337	2
10 0 8 0 51 	6973.82503046	0.06904337	2
10 0 8 0 52 	7014.22690476	0.06540270	2
10 0 8 0 53 	7055.40840626	0.06916337	2
10 0 8 0 54 	7097.35203603	0.06564270	1
10 0 8 0 55 	7140.08102821	0.06928337	2
10 0 8 0 16 	6048.04041246	0.06372030	1
10 0 8 0 17 	6061.28138075	0.06372000	1
10 0 8 0 18 	6075.30096805	0.06372030	1
10 0 8 0 19 	6090.09847887	0.06372060	1
10 0 8 0 20 	6105.67454490	0.06372100	1
10 0 8 0 45 	6747.63872526	0.06868337	1
10 0 8 0 46 	6783.39856558	0.06504270	1
10 0 8 0 50 	6934.19037352	0.06628270	1
10 0 8 0 56 	7183.57415603	0.06564270	1
10 0 8 0 61 	7412.62772016	0.06964337	1
12 0 15 0 1 	7442.00993917	0.06100000	4
12 0 15 0 2 	7443.56769236	0.06444030	2
12 0 15 0 3 	7445.90136224	0.06100000	4
12 0 15 0 4 	7449.01548748	0.06432030	3
12 0 15 0 5 	7452.90645767	0.06112000	4
12 0 15 0 6 	7457.57789586	0.06420030	2
12 0 15 0 8 	7469.25260833	0.06408030	4
12 0 15 0 11 	7492.60259900	0.06148000	3
12 0 15 0 13 	7512.05857493	0.06348000	4
12 0 15 0 14 	7522.95361434	0.06372030	3
12 0 15 0 15 	7534.62735205	0.06360000	4
12 0 15 0 16 	7547.07797805	0.06372030	1
12 0 15 0 17 	7560.30641981	0.06372000	4
12 0 15 0 18 	7574.31252648	0.06372030	4
12 0 15 0 19 	7589.09657623	0.06372060	4
12 0 15 0 21 	7620.99582094	0.06372140	4
12 0 15 0 22 	7638.11135066	0.06372270	2
12 0 15 0 23 	7656.00503001	0.06372220	4
12 0 15 0 25 	7694.12083202	0.06384220	4
12 0 15 0 26 	7714.34384469	0.06384270	4
12 0 15 0 27 	7735.34418316	0.06396337	2
12 0 15 0 28 	7757.12024878	0.06408270	2
12 0 15 0 29 	7779.67424015	0.06396337	4
12 0 15 0 30 	7803.00011973	0.06420270	1
12 0 15 0 31 	7827.10911338	0.06596337	3
12 0 15 0 32 	7851.98860440	0.06432270	2
12 0 15 0 33 	7877.64687893	0.06608337	4
12 0 15 0 34 	7904.07868534	0.06432270	4
12 0 15 0 35 	7931.28705521	0.06620337	4
12 0 15 0 36 	7959.26941978	0.06456270	2
12 0 15 0 37 	7988.03006470	0.06632337	4
12 0 15 0 39 	8047.87142163	0.06644337	4
12 0 15 0 9 	7476.25704544	0.06136000	2
12 0 15 0 12 	7501.94112166	0.06396030	2
12 0 15 0 20 	7604.65701490	0.06372100	2
12 0 15 0 24 	7674.67438066	0.06372270	2
12 0 15 0 40 	8078.95185929	0.06468270	1
12 0 15 0 43 	8176.85151016	0.06668337	1
12 0 15 0 46 	8281.71240558	0.06504270	1
12 0 15 0 47 	8318.21672899	0.06880337	1
12 0 15 0 48 	8355.48822554	0.06516270	1
12 0 13 0 2 	7527.76420396	0.06444030	2
12 0 13 0 3 	7530.10026113	0.06112000	1
12 0 13 0 4 	7533.21554254	0.06432030	2
12 0 13 0 6 	7541.78274086	0.06420030	1
12 0 13 0 7 	7547.23505044	0.06136000	1
12 0 13 0 9 	7560.47250723	0.06136000	2
12 0 13 0 10 	7568.26267123	0.06396030	2
12 0 13 0 11 	7576.82750776	0.06148000	2
12 0 13 0 14 	7607.19911528	0.06372030	2
12 0 13 0 17 	7644.57873481	0.06372000	2
12 0 13 0 19 	7673.39321623	0.06372060	2
12 0 13 0 20 	7688.96944740	0.06372100	2
12 0 13 0 21 	7705.32178344	0.06372140	2
12 0 13 0 25 	7778.52381730	0.06396220	1
12 0 13 0 29 	7864.18267765	0.06396337	2
12 0 13 0 36 	8044.06405478	0.06456270	1
12 0 13 0 12 	7586.17265666	0.06396030	1
12 0 13 0 13 	7596.29563150	0.06348000	1
12 0 13 0 16 	7631.34106246	0.06372030	1
12 0 13 0 18 	7658.59699805	0.06372030	1
12 0 13 0 22 	7722.45313990	0.06372180	1
12 0 13 0 23 	7740.36522328	0.06372220	1
12 0 13 0 24 	7759.05482066	0.06372270	1
12 0 13 0 26 	7798.77157691	0.06384270	1
12 0 13 0 27 	7819.79586730	0.06396220	1
12 0 13 0 30 	7887.54471878	0.06408270	1
12 0 13 0 32 	7936.60371973	0.06420270	1
12 0 13 0 33 	7962.30190399	0.06608337	1
12 0 13 0 34 	7988.77575440	0.06432270	1
12 0 13 0 35 	8016.03368886	0.06620337	1
12 0 13 0 38 	8102.46728478	0.06456270	1
14 0 1 0 2 	7782.02072736	0.06444030	2
14 0 1 0 3 	7784.34229474	0.06100000	4
14 0 1 0 4 	7787.43574272	0.06432030	2
14 0 1 0 5 	7791.30381921	0.06124000	2
14 0 1 0 6 	7795.94398086	0.06420030	2
14 0 1 0 7 	7801.36093233	0.06124000	4
14 0 1 0 8 	7807.54990333	0.06408030	2
14 0 1 0 9 	7814.51377830	0.06136000	3
14 0 1 0 11 	7830.75889526	0.06148000	4
14 0 1 0 12 	7840.04198487	0.06384030	4
14 0 1 0 13 	7850.09712493	0.06348000	4
14 0 1 0 14 	7860.92684746	0.06372030	2
14 0 1 0 15 	7872.52905955	0.06360000	4
14 0 1 0 16 	7884.90464285	0.06372030	3
14 0 1 0 18 	7911.97483929	0.06372030	3
14 0 1 0 19 	7926.67123360	0.06372140	1
14 0 1 0 20 	7942.13628990	0.06372100	4
14 0 1 0 21 	7958.37417672	0.06372140	3
14 0 1 0 22 	7975.38581066	0.06372270	2
14 0 1 0 23 	7993.17060001	0.06372220	4
14 0 1 0 25 	8031.05552952	0.06384220	4
14 0 1 0 26 	8051.15528969	0.06384270	4
14 0 1 0 27 	8072.02750023	0.06396220	4
14 0 1 0 29 	8116.09022581	0.06396337	3
14 0 1 0 30 	8139.27306941	0.06408270	3
14 0 1 0 31 	8163.23452307	0.06596337	4
14 0 1 0 32 	8187.96167956	0.06420270	4
14 0 1 0 33 	8213.46369643	0.06608337	4
14 0 1 0 34 	8239.73379899	0.06432270	3
14 0 1 0 36 	8294.58685195	0.06444270	3
14 0 1 0 38 	8352.52232703	0.06456270	4
14 0 1 0 40 	8413.53584629	0.06480270	1
14 0 1 0 43 	8510.83350026	0.06868337	2
14 0 1 0 46 	8615.03948554	0.06516270	1
14 0 1 0 49 	8726.16751464	0.06904337	1
14 0 1 0 1 	7780.47353499	0.06100000	2
14 0 1 0 10 	7822.25056081	0.06408030	2
14 0 1 0 17 	7898.05344575	0.06372000	2
14 0 1 0 28 	8093.67257747	0.06396270	2
14 0 1 0 41 	8445.20053540	0.06656337	2
14 0 3 0 49 	8808.57659464	0.06904337	3
14 0 3 0 51 	8886.06241627	0.06916337	2
14 0 3 0 52 	8925.95433331	0.06540270	5
14 0 3 0 54 	9008.02595103	0.06564270	2
14 0 3 0 55 	9050.21034382	0.06928337	5
14 0 3 0 56 	9093.15226017	0.06564270	3
2 0 2 0 53 	2522.47493626	0.06834337	2
6 0 3 0 54 	5901.42320626	0.06884337	1
16 0 1 0 46 	9658.25504554	0.06516270	1
16 0 1 0 47 	9694.18589970	0.06892337	1
16 0 1 0 48 	9730.86903352	0.06528270	1
16 0 1 0 50 	9806.51545353	0.06540270	1
16 0 1 0 55 	10008.95301016	0.06940337	1
16 0 1 0 57 	10095.23190016	0.06952337	1
16 0 1 0 60 	8683.12437998	0.00112000	1
14 0 16 0 0 	8577.65560055	0.06456030	1
14 0 16 0 1 	8578.42990835	0.06100000	1
14 0 16 0 3 	8582.32674474	0.06100000	2
14 0 16 0 6 	8594.00749086	0.06420030	1
14 0 16 0 7 	8599.45956983	0.06124000	2
14 0 16 0 10 	8620.48347666	0.06396030	1
14 0 16 0 11 	8629.04936150	0.06348000	1
14 0 16 0 14 	8659.41486028	0.06372030	2
14 0 16 0 16 	8683.54928805	0.06372030	1
14 0 16 0 18 	8710.78998648	0.06372030	2
14 0 16 0 19 	8725.58043123	0.06372060	2
14 0 16 0 20 	8741.14639990	0.06372180	1
14 0 16 0 21 	8757.48948844	0.06372140	2
14 0 16 0 23 	8792.50629501	0.06372220	2
14 0 16 0 25 	8830.62955702	0.06384220	2
14 0 16 0 26 	8850.85673719	0.06384270	2
14 0 16 0 27 	8871.86174316	0.06396337	1
14 0 16 0 29 	8916.19374214	0.06596337	1
14 0 16 0 30 	8939.52293925	0.06408270	2
14 0 16 0 32 	8988.50798440	0.06432270	1
14 0 16 0 33 	9014.16457886	0.06620337	1
14 0 16 0 34 	9040.59291034	0.06432270	2
14 0 16 0 4 	8585.44108736	0.06444030	1
14 0 16 0 8 	8605.69006086	0.06420030	1
14 0 16 0 12 	8638.39313666	0.06396030	1
14 0 16 0 15 	8671.09146836	0.06360000	1
14 0 16 0 17 	8696.78040075	0.06372000	1
14 0 16 0 24 	8811.17928066	0.06372270	1
14 0 16 0 28 	8893.63779747	0.06396270	1
14 0 16 0 35 	9067.79861886	0.06620337	1
14 0 16 0 36 	9095.77627628	0.06444270	1
14 0 19 0 0 	8669.83015055	0.06456030	1
14 0 19 0 2 	8672.15716396	0.06444030	2
14 0 19 0 3 	8674.47981474	0.06100000	2
14 0 19 0 4 	8677.58312772	0.06432030	1
14 0 19 0 5 	8681.46020517	0.06112000	2
14 0 19 0 6 	8686.11068429	0.06420030	2
14 0 19 0 7 	8691.53623044	0.06136000	1
14 0 19 0 8 	8697.73850833	0.06408030	2
14 0 19 0 9 	8704.71543723	0.06136000	2
14 0 19 0 10 	8712.46687123	0.06396030	2
14 0 19 0 11 	8720.99455776	0.06148000	2
14 0 19 0 13 	8740.37519836	0.06360000	1
14 0 19 0 15 	8762.85459955	0.06360000	2
14 0 19 0 16 	8775.25489525	0.06372030	2
14 0 19 0 17 	8788.43361481	0.06372000	2
14 0 19 0 18 	8802.38628148	0.06372030	2
14 0 19 0 19 	8817.11178123	0.06372060	2
14 0 19 0 20 	8832.61383740	0.06372100	2
14 0 19 0 21 	8848.88935844	0.06372140	2
14 0 19 0 24 	8902.36467379	0.06372270	2
14 0 19 0 25 	8921.73871702	0.06384220	2
14 0 19 0 30 	9030.22128973	0.06420270	1
14 0 19 0 31 	9054.24123399	0.06608337	1
14 0 19 0 32 	9079.03506706	0.06420270	2
14 0 19 0 33 	9104.60279143	0.06608337	2
14 0 19 0 34 	9130.94201034	0.06432270	2
14 0 19 0 35 	9158.05789156	0.06632337	1
14 0 19 0 12 	8730.29789666	0.06396030	1
14 0 19 0 14 	8751.22762809	0.06384030	1
14 0 19 0 22 	8865.93996990	0.06372180	1
14 0 19 0 23 	8883.76387328	0.06372220	1
14 0 19 0 26 	8941.88643691	0.06384270	1
14 0 19 0 27 	8962.80922730	0.06396220	1
14 0 19 0 28 	8984.50668747	0.06396270	1
14 0 19 0 29 	9006.97679316	0.06396337	1
14 0 19 0 36 	9185.94430628	0.06444270	1
14 0 18 0 4 	8677.67158772	0.06432030	1
14 0 18 0 5 	8681.54751921	0.06124000	1
14 0 18 0 6 	8686.19944086	0.06420030	1
14 0 18 0 7 	8691.62577044	0.06136000	1
14 0 18 0 8 	8697.82806833	0.06408030	2
14 0 18 0 11 	8721.08442276	0.06148000	2
14 0 18 0 13 	8740.46457836	0.06360000	1
14 0 18 0 15 	8762.94447955	0.06360000	2
14 0 18 0 17 	8788.52409481	0.06372000	2
14 0 18 0 18 	8802.47621148	0.06372030	2
14 0 18 0 19 	8817.20308123	0.06372060	2
14 0 18 0 20 	8832.70473240	0.06372100	2
14 0 18 0 21 	8848.98103844	0.06372140	2
14 0 18 0 24 	8902.45763379	0.06372270	2
14 0 18 0 29 	9007.07446265	0.06396337	2
14 0 18 0 30 	9030.32004973	0.06420270	1
14 0 18 0 31 	9054.34130399	0.06608337	1
14 0 18 0 34 	9131.04458628	0.06444270	1
14 0 18 0 35 	9158.16165156	0.06632337	1
14 0 18 0 9 	8704.80477044	0.06136000	1
14 0 18 0 10 	8712.55739581	0.06408030	1
14 0 18 0 12 	8730.38718666	0.06396030	1
14 0 18 0 14 	8751.31708809	0.06384030	1
14 0 18 0 16 	8775.34689246	0.06372030	1
14 0 18 0 22 	8866.03194990	0.06372180	1
14 0 18 0 23 	8883.85752328	0.06372220	1
14 0 18 0 25 	8921.83210674	0.06384220	1
14 0 18 0 26 	8941.98117691	0.06384270	1
14 0 18 0 27 	8962.90439730	0.06396220	1
14 0 18 0 28 	8984.60208747	0.06396270	1
14 0 18 0 32 	9079.13434973	0.06420270	1
14 0 18 0 33 	9104.70360399	0.06608337	1
14 0 17 0 7 	8599.85649483	0.06124000	2
14 0 17 0 11 	8629.44624150	0.06348000	1
14 0 17 0 14 	8659.81104028	0.06372030	2
14 0 17 0 18 	8711.18901490	0.06372100	1
14 0 17 0 20 	8741.54384990	0.06372180	1
14 0 17 0 21 	8757.88733844	0.06372140	2
14 0 17 0 23 	8792.90560674	0.06384220	1
14 0 17 0 25 	8831.03119730	0.06396220	1
14 0 17 0 3 	8582.72403835	0.06100000	1
14 0 17 0 4 	8585.83963736	0.06444030	1
14 0 17 0 8 	8606.08654086	0.06420030	1
14 0 17 0 12 	8638.78978666	0.06396030	1
14 0 17 0 15 	8671.48877836	0.06360000	1
14 0 17 0 19 	8725.97770887	0.06372060	1
14 0 17 0 26 	8851.25887691	0.06384270	1
14 0 17 0 30 	8939.93107878	0.06408270	1
14 0 17 0 32 	8988.92174973	0.06420270	1
14 0 17 0 34 	9041.01305440	0.06432270	1
14 0 17 0 36 	9096.20338628	0.06444270	1
14 0 3 0 1 	7868.57343484	0.06100000	6
14 0 3 0 2 	7870.11118312	0.06444030	6
14 0 3 0 3 	7872.41576424	0.06100000	6
14 0 3 0 5 	7879.33435267	0.06112000	6
14 0 3 0 6 	7883.94668358	0.06420030	4
14 0 3 0 7 	7889.32727077	0.06124000	4
14 0 3 0 9 	7902.39413213	0.06136000	4
14 0 3 0 10 	7910.08060706	0.06396030	6
14 0 3 0 11 	7918.53566559	0.06148000	6
14 0 3 0 13 	7937.75002393	0.06348000	6
14 0 3 0 14 	7948.51006844	0.06372030	6
14 0 3 0 15 	7960.03853555	0.06360000	6
14 0 3 0 16 	7972.33493611	0.06372030	4
14 0 3 0 17 	7985.39949131	0.06372000	6
14 0 3 0 18 	7999.23268364	0.06372030	6
14 0 3 0 19 	8013.83353207	0.06372060	6
14 0 3 0 20 	8029.20225090	0.06372100	6
14 0 3 0 21 	8045.33900127	0.06372140	6
14 0 3 0 22 	8062.24405178	0.06372180	6
14 0 3 0 24 	8098.35714629	0.06372270	6
14 0 3 0 25 	8117.56486386	0.06384220	6
14 0 3 0 26 	8137.54043552	0.06384270	6
14 0 3 0 27 	8158.28307489	0.06396220	6
14 0 3 0 28 	8179.79329011	0.06408270	3
14 0 3 0 29 	8202.07173215	0.06396337	6
14 0 3 0 30 	8225.11645592	0.06408270	6
14 0 3 0 31 	8248.92967857	0.06596337	6
14 0 3 0 32 	8273.50742073	0.06420270	6
14 0 3 0 33 	8298.85428576	0.06608337	6
14 0 3 0 35 	8351.84451504	0.06620337	6
14 0 3 0 36 	8379.49003315	0.06444270	4
14 0 3 0 38 	8437.08031320	0.06456270	6
14 0 3 0 39 	8467.02563446	0.06644337	6
14 0 3 0 40 	8497.73381745	0.06468270	6
14 0 3 0 41 	8529.21146428	0.06656337	6
14 0 3 0 42 	8561.45231889	0.06480270	6
14 0 3 0 43 	8594.46059769	0.06668337	4
14 0 3 0 45 	8662.77356863	0.06868337	6
14 0 3 0 47 	8734.14522901	0.06880337	6
14 0 3 0 48 	8770.97669952	0.06516270	4
14 0 3 0 8 	7895.47683386	0.06420030	3
14 0 3 0 12 	7927.75814866	0.06396030	3
14 0 3 0 23 	8079.91659487	0.06372220	5
14 0 3 0 34 	8324.96665306	0.06432270	3
14 0 3 0 37 	8407.90222248	0.06632337	5
14 0 3 0 44 	8628.23193517	0.06492270	3
14 0 3 0 46 	8698.07316325	0.06504270	3
14 0 3 0 50 	8846.93561818	0.06528270	3
14 0 3 0 53 	8966.60982860	0.06916337	3
14 0 3 0 58 	9181.33429374	0.06576270	1
14 0 3 0 59 	9226.57230416	0.06952337	1
14 0 2 0 5 	7955.40533021	0.06124000	1
14 0 2 0 7 	7965.51174683	0.06124000	2
14 0 2 0 8 	7971.73115633	0.06408030	2
14 0 2 0 9 	7978.72939323	0.06136000	2
14 0 2 0 10 	7986.50193373	0.06396030	2
14 0 2 0 11 	7995.05081226	0.06148000	2
14 0 2 0 12 	8004.38026087	0.06384030	2
14 0 2 0 13 	8014.48458836	0.06360000	1
14 0 2 0 14 	8025.36683978	0.06372030	2
14 0 2 0 15 	8037.02435755	0.06360000	2
14 0 2 0 16 	8049.46152725	0.06372030	2
14 0 2 0 17 	8062.67140081	0.06372000	2
14 0 2 0 18 	8076.65820448	0.06372030	2
14 0 2 0 19 	8091.42516723	0.06372060	2
14 0 2 0 20 	8106.96489640	0.06372100	2
14 0 2 0 38 	8519.25753703	0.06456270	2
14 0 2 0 42 	8644.92389706	0.06480270	2
14 0 2 0 3 	7948.40789035	0.06100000	1
14 0 2 0 4 	7951.51892036	0.06444030	1
14 0 2 0 6 	7960.06914072	0.06432030	1
14 0 2 0 22 	8140.37579990	0.06372180	1
14 0 2 0 23 	8158.24308628	0.06372220	1
14 0 2 0 24 	8176.88826866	0.06372270	1
14 0 2 0 25 	8196.30651174	0.06384220	1
14 0 2 0 26 	8216.50270891	0.06384270	1
14 0 2 0 27 	8237.47288530	0.06396220	1
14 0 2 0 28 	8259.21863247	0.06396270	1
14 0 2 0 29 	8281.73755216	0.06396337	1
14 0 2 0 30 	8305.03323778	0.06408270	1
14 0 2 0 31 	8329.10164814	0.06596337	1
14 0 2 0 32 	8353.94574773	0.06420270	1
14 0 2 0 33 	8379.56541899	0.06608337	1
14 0 2 0 34 	8405.95520940	0.06432270	1
14 0 2 0 35 	8433.12300686	0.06620337	1
14 0 2 0 36 	8461.05960628	0.06444270	1
14 0 2 0 40 	8580.54674029	0.06468270	1
14 0 2 0 41 	8612.35009140	0.06656337	1
14 0 2 0 43 	8678.27695716	0.06668337	1
14 0 2 0 44 	8712.39006183	0.06492270	1
14 0 2 0 46 	8782.94231558	0.06504270	1
14 0 2 0 47 	8819.37814899	0.06880337	1
14 0 2 0 51 	8972.81336664	0.06904337	1
14 0 8 0 0 	8043.74785755	0.06456030	1
14 0 8 0 1 	8044.52251085	0.06100000	2
14 0 8 0 2 	8046.06553742	0.06444030	3
14 0 8 0 3 	8048.37465863	0.06112000	2
14 0 8 0 4 	8051.47200522	0.06432030	2
14 0 8 0 5 	8055.33558171	0.06124000	2
14 0 8 0 6 	8059.97030786	0.06420030	2
14 0 8 0 7 	8065.37677344	0.06136000	2
14 0 8 0 8 	8071.55641081	0.06408030	2
14 0 8 0 9 	8078.50805602	0.06148000	2
14 0 8 0 10 	8086.23354323	0.06396030	4
14 0 8 0 11 	8094.72922534	0.06148000	3
14 0 8 0 13 	8114.03956443	0.06348000	4
14 0 8 0 15 	8136.43771280	0.06360000	4
14 0 8 0 17 	8161.92299181	0.06372000	4
14 0 8 0 18 	8175.82411948	0.06372030	4
14 0 8 0 19 	8190.49545823	0.06372060	4
14 0 8 0 20 	8205.93883490	0.06372100	4
14 0 8 0 21 	8222.15398744	0.06372140	4
14 0 8 0 22 	8239.14080353	0.06372180	4
14 0 8 0 23 	8256.89880826	0.06372220	4
14 0 8 0 24 	8275.42779404	0.06372270	4
14 0 8 0 25 	8294.72783777	0.06384220	4
14 0 8 0 26 	8314.79903694	0.06384270	4
14 0 8 0 27 	8335.64107148	0.06396220	4
14 0 8 0 28 	8357.25408612	0.06396270	4
14 0 8 0 29 	8379.64314348	0.06396337	3
14 0 8 0 31 	8426.71260507	0.06596337	4
14 0 8 0 33 	8476.87241293	0.06608337	4
14 0 8 0 34 	8503.10558784	0.06432270	4
14 0 8 0 35 	8530.11091021	0.06620337	4
14 0 8 0 36 	8557.88237403	0.06444270	4
14 0 8 0 37 	8586.42521620	0.06632337	4
14 0 8 0 38 	8615.73717678	0.06456270	4
14 0 8 0 39 	8645.82161688	0.06644337	3
14 0 8 0 40 	8676.66960195	0.06468270	3
14 0 8 0 41 	8708.28419557	0.06656337	3
14 0 8 0 43 	8773.82780723	0.06668337	3
14 0 8 0 44 	8807.74486771	0.06492270	4
14 0 8 0 46 	8877.89849056	0.06504270	4
14 0 8 0 47 	8914.13067434	0.06880337	4
14 0 8 0 48 	8951.11953152	0.06528270	1
14 0 8 0 50 	9027.40791553	0.06540270	1
14 0 8 0 51 	9066.70407627	0.06916337	1
14 0 8 0 52 	9106.76378399	0.06552270	1
14 0 8 0 54 	9189.18720903	0.06564270	1
14 0 8 0 55 	9231.55018016	0.06940337	1
14 0 8 0 12 	8103.99444847	0.06384030	3
14 0 8 0 14 	8124.85616055	0.06372030	3
14 0 8 0 16 	8148.79135566	0.06372030	3
14 0 8 0 32 	8451.40152256	0.06420270	2
14 0 8 0 42 	8740.67272129	0.06480270	2
14 0 8 0 45 	8842.44374276	0.06868337	2
14 0 3 0 4 	7875.49098272	0.06432030	2
14 0 8 0 30 	8402.78266425	0.06408270	2
14 0 5 0 3 	7948.40853835	0.06100000	1
14 0 5 0 4 	7951.51923736	0.06444030	1
14 0 5 0 6 	7960.06878772	0.06432030	1
14 0 5 0 7 	7965.51269483	0.06124000	2
14 0 5 0 8 	7971.73314086	0.06420030	1
14 0 5 0 9 	7978.72978723	0.06136000	2
14 0 5 0 10 	7986.50009123	0.06396030	2
14 0 5 0 11 	7995.05050402	0.06148000	1
14 0 5 0 12 	8004.38048666	0.06396030	1
14 0 5 0 14 	8025.36768809	0.06384030	1
14 0 5 0 15 	8037.02477955	0.06360000	2
14 0 5 0 17 	8062.67124481	0.06372000	2
14 0 5 0 18 	8076.65721148	0.06372030	2
14 0 5 0 19 	8091.42523123	0.06372060	2
14 0 5 0 20 	8106.96248240	0.06372100	2
14 0 5 0 22 	8140.38034990	0.06372180	1
14 0 5 0 23 	8158.24372328	0.06372220	1
14 0 5 0 25 	8196.30720674	0.06384220	1
14 0 5 0 26 	8216.50117691	0.06384270	1
14 0 5 0 27 	8237.47339730	0.06396220	1
14 0 5 0 28 	8259.21758747	0.06396270	1
14 0 5 0 29 	8281.73713316	0.06396337	1
14 0 5 0 30 	8305.03237878	0.06408270	1
14 0 5 0 31 	8329.10149214	0.06596337	1
14 0 5 0 32 	8353.94514973	0.06420270	1
14 0 5 0 33 	8379.56520399	0.06608337	1
14 0 5 0 34 	8405.95495440	0.06432270	1
14 0 5 0 36 	8461.05688628	0.06444270	1
14 0 5 0 38 	8519.25821478	0.06456270	1
14 0 5 0 41 	8612.35071040	0.06656337	1
14 0 5 0 42 	8644.92416629	0.06480270	1
14 0 5 0 5 	7955.40531921	0.06124000	1
14 0 5 0 13 	8014.48067836	0.06360000	1
14 0 5 0 16 	8049.46000805	0.06372030	1
7 1 3 0 57 	5454.68477016	0.06952337	1
7 1 3 0 56 	5410.20374674	0.06576270	1
7 1 3 0 55 	5366.50345016	0.06940337	1
7 1 3 0 54 	5323.57516603	0.06564270	1
7 1 3 0 52 	5240.05551599	0.06552270	1
7 1 3 0 50 	5159.64326353	0.06540270	1
7 1 3 0 49 	5120.60630464	0.06904337	1
7 1 3 0 43 	4902.71166526	0.06868337	1
7 1 3 0 46 	5008.15201554	0.06516270	1
7 1 3 0 42 	4869.11593783	0.06492270	1
7 1 3 0 45 	4972.22860899	0.06880337	1
7 1 3 0 41 	4836.30669016	0.06668337	1
7 1 3 0 44 	4937.07702558	0.06504270	1
7 1 3 0 39 	4773.01848040	0.06656337	1
7 1 3 0 35 	4655.80105156	0.06632337	1
7 1 3 0 38 	4742.54255929	0.06468270	1
7 1 3 0 37 	4712.85053785	0.06644337	1
7 1 3 0 34 	4628.44554628	0.06444270	1
7 1 3 0 33 	4601.87190886	0.06620337	1
7 1 3 0 36 	4683.93567478	0.06456270	1
7 1 3 0 32 	4576.07646440	0.06432270	1
7 1 3 0 27 	4458.81329316	0.06396337	1
7 1 3 0 31 	4551.06386399	0.06608337	1
7 1 3 0 30 	4526.82902973	0.06420270	1
7 1 3 0 26 	4437.70221747	0.06396270	1
7 1 3 0 29 	4503.37761214	0.06596337	1
7 1 3 0 25 	4417.37224730	0.06396220	1
7 1 3 0 28 	4480.70562878	0.06408270	1
7 1 3 0 24 	4397.82454691	0.06384270	1
7 1 3 0 20 	4327.44560990	0.06372180	1
7 1 3 0 19 	4311.80361360	0.06372140	1
7 1 3 0 22 	4361.07274066	0.06372270	1
7 1 3 0 18 	4296.94445490	0.06372100	1
7 1 3 0 14 	4245.32403246	0.06372030	1
7 1 3 0 17 	4282.86641887	0.06372060	1
7 1 3 0 13 	4234.37329836	0.06360000	1
7 1 3 1 57 	5457.57283674	0.06576270	1
7 1 3 0 16 	4269.56944805	0.06372030	1
7 1 3 0 12 	4224.20455809	0.06384030	1
7 1 3 1 55 	5369.18891603	0.06564270	1
7 1 3 0 15 	4257.05650075	0.06372000	1
7 1 3 0 11 	4214.81737276	0.06148000	2
7 1 3 0 10 	4206.21397123	0.06396030	2
7 1 3 1 38 	4743.82157785	0.06644337	1
7 1 3 1 50 	5161.85922464	0.06904337	1
7 1 3 1 37 	4714.06043478	0.06456270	1
7 1 3 0 5 	4174.92250017	0.06112000	2
7 1 3 1 36 	4685.08185156	0.06632337	1
7 1 3 0 9 	4198.39082402	0.06148000	1
7 1 3 1 35 	4656.88338628	0.06444270	1
7 1 3 1 34 	4629.47095886	0.06620337	1
7 1 3 0 4 	4171.01108254	0.06432030	2
7 1 3 0 8 	4191.35047833	0.06408030	2
7 1 3 1 31 	4551.91397973	0.06420270	1
7 1 3 0 3 	4167.88089113	0.06112000	1
7 1 3 1 29 	4504.12416878	0.06408270	1
7 1 3 0 7 	4185.09282044	0.06136000	1
7 1 3 1 28 	4481.40175316	0.06396337	1
7 1 3 1 41 	4837.78948629	0.06480270	1
7 1 3 1 26 	4438.30437730	0.06396220	1
7 1 3 1 39 	4774.36270929	0.06468270	1
7 1 3 1 24 	4398.34085674	0.06384220	1
7 1 3 1 22 	4361.50560328	0.06372220	1
7 1 3 1 20 	4327.80562360	0.06372140	1
7 1 3 1 19 	4312.12993490	0.06372100	1
7 1 3 0 2 	4165.53527055	0.06456030	1
7 1 3 1 18 	4297.23730887	0.06372060	1
7 1 3 1 17 	4283.12897805	0.06372030	1
7 1 3 1 16 	4269.80393075	0.06372000	1
7 1 3 1 15 	4257.26130246	0.06372030	1
7 1 3 1 14 	4245.50376836	0.06360000	1
7 1 3 1 12 	4224.33932150	0.06348000	1
7 1 3 1 10 	4206.30732402	0.06148000	1
7 1 3 1 9 	4198.46739581	0.06408030	1
7 1 3 1 7 	4185.14129086	0.06420030	1
7 1 3 1 6 	4179.65308921	0.06124000	1
7 1 3 1 5 	4174.94951772	0.06432030	1
7 1 3 1 3 	4167.89176736	0.06444030	1
12 0 10 0 0 	7155.19633055	0.06456030	1
12 0 10 0 38 	7729.61218929	0.06468270	1
12 0 10 0 39 	7759.82881040	0.06656337	1
12 0 10 0 40 	7790.81146629	0.06480270	1
12 0 10 0 42 	7855.10490783	0.06492270	1
12 0 10 0 43 	7888.41032526	0.06868337	1
12 0 10 0 44 	7922.48472558	0.06504270	1
12 0 10 0 46 	7992.95352056	0.06504270	2
12 0 10 0 1 	7155.97367499	0.06100000	1
12 0 15 0 38 	8017.56381478	0.06456270	1
12 0 14 0 2 	7527.76363736	0.06444030	1
12 0 14 0 3 	7530.10169474	0.06100000	2
12 0 14 0 4 	7533.21671254	0.06432030	2
12 0 14 0 5 	7537.10871921	0.06124000	1
12 0 14 0 6 	7541.78324086	0.06420030	1
12 0 14 0 7 	7547.23547044	0.06136000	1
12 0 14 0 9 	7560.47248723	0.06136000	2
12 0 14 0 10 	7568.26029123	0.06396030	2
12 0 14 0 11 	7576.82762276	0.06148000	2
12 0 14 0 14 	7607.19979028	0.06372030	2
12 0 14 0 17 	7644.57894481	0.06372000	2
12 0 14 0 18 	7658.59681148	0.06372030	2
12 0 14 0 19 	7673.39348123	0.06372060	2
12 0 14 0 20 	7688.97053240	0.06372100	2
12 0 14 0 21 	7705.32193844	0.06372140	2
12 0 14 0 25 	7778.52359730	0.06396220	1
12 0 14 0 26 	7798.77013219	0.06384270	2
12 0 14 0 27 	7819.79661523	0.06396220	2
12 0 14 0 29 	7864.18336265	0.06396337	2
12 0 14 0 8 	7553.46554086	0.06420030	1
12 0 14 0 12 	7586.17218666	0.06396030	1
12 0 14 0 13 	7596.29494150	0.06348000	1
12 0 14 0 16 	7631.34199246	0.06372030	1
12 0 14 0 22 	7722.45264990	0.06372180	1
12 0 14 0 23 	7740.36552328	0.06372220	1
12 0 14 0 24 	7759.05389066	0.06372270	1
12 0 14 0 30 	7887.54167878	0.06408270	1
12 0 14 0 31 	7911.68269214	0.06596337	1
12 0 14 0 32 	7936.60264973	0.06420270	1
12 0 14 0 33 	7962.30220399	0.06608337	1
12 0 14 0 34 	7988.77745440	0.06432270	1
12 0 14 0 35 	8016.03485886	0.06620337	1
12 0 14 0 36 	8044.06688628	0.06444270	1
12 0 14 0 37 	8072.87835156	0.06632337	1
12 0 14 0 38 	8102.46811478	0.06456270	1
14 0 1 0 0 	7779.69813055	0.06456030	1
14 0 1 0 35 	8266.77355886	0.06620337	1
2 0 1 0 60 	1204.46157999	0.00006000	2
2 0 1 0 57 	2611.89274016	0.06858337	1
2 0 1 0 56 	2566.86192674	0.06482270	1
2 0 1 0 55 	2522.62178321	0.06834337	2
2 0 1 0 54 	2479.16167601	0.06458270	2
2 0 1 0 53 	2436.49260626	0.06822337	2
2 0 1 0 52 	2394.60375599	0.06458270	1
2 0 1 0 51 	2353.50661627	0.06822337	1
2 0 1 0 49 	2273.66512217	0.06798337	2
2 0 1 0 48 	2234.92175953	0.06422270	2
2 0 1 0 47 	2196.97099434	0.06786337	2
2 0 1 0 46 	2159.80161556	0.06410270	2
2 0 1 0 44 	2087.83112671	0.06398270	2
2 0 1 0 42 	2019.01199206	0.06386270	2
2 0 1 0 41 	1985.78584528	0.06562337	2
2 0 1 0 40 	1953.34562779	0.06374270	2
2 0 1 0 39 	1921.69652413	0.06550337	2
2 0 1 0 38 	1890.83375203	0.06362270	2
2 0 1 0 37 	1860.76225785	0.06550337	1
2 0 1 0 36 	1831.47772478	0.06362270	1
2 0 1 0 35 	1802.98479021	0.06526337	2
2 0 1 0 34 	1775.27911534	0.06338270	2
2 0 1 0 32 	1722.23911706	0.06326270	2
2 0 1 0 31 	1696.90510807	0.06502337	2
2 0 1 0 27 	1603.46636023	0.06302220	2
2 0 1 0 26 	1582.08351219	0.06290270	2
2 0 1 0 25 	1561.49133202	0.06290220	2
2 0 1 0 24 	1541.69026379	0.06278270	2
2 0 1 0 23 	1522.68017001	0.06278220	2
2 0 1 0 22 	1504.46133066	0.06278270	1
2 0 1 0 21 	1487.03381344	0.06278140	2
2 0 1 0 20 	1470.39775740	0.06278100	2
2 0 1 0 15 	1399.09204455	0.06266000	2
2 0 1 0 14 	1387.20651528	0.06278030	2
2 0 1 0 13 	1376.11284993	0.06254000	2
2 0 1 0 12 	1365.81156237	0.06290030	2
2 0 1 0 11 	1356.30207150	0.06254000	1
2 0 1 0 10 	1347.58528666	0.06302030	1
2 0 1 0 8 	1332.52799581	0.06314030	1
2 0 1 0 7 	1326.18779983	0.06030000	2
2 0 1 0 6 	1320.64053086	0.06326030	1
2 0 1 0 3 	1308.75219974	0.06006000	2
2 0 1 0 2 	1306.37484055	0.06362030	1
2 0 1 0 4 	1311.92274736	0.06350030	1
2 0 1 0 9 	1339.66023044	0.06042000	1
2 0 1 0 28 	1625.64005747	0.06302270	1
2 0 1 0 29 	1648.60427316	0.06302337	1
2 0 1 0 30 	1672.35890878	0.06314270	1
2 0 1 0 33 	1748.36530399	0.06514337	1
2 0 1 0 43 	2053.02880016	0.06574337	1
2 0 2 0 62 	1385.66199998	0.00018000	2
2 0 1 0 45 	2123.42541526	0.06774337	1
2 0 2 0 60 	1288.98516998	0.00018000	1
2 0 2 0 59 	2789.04110016	0.06870337	1
2 0 2 0 58 	1195.43526000	0.00006000	1
2 0 1 0 50 	2313.18996352	0.06434270	1
2 0 2 0 57 	2697.05548016	0.06846337	2
2 0 2 0 55 	2608.19964016	0.06846337	1
2 0 2 0 54 	2564.94300603	0.06470270	1
2 0 2 0 44 	2175.49864558	0.06410270	1
2 0 2 0 43 	2140.87032526	0.06774337	1
2 0 2 0 42 	2107.02125783	0.06398270	1
2 0 2 0 41 	2073.96110016	0.06574337	1
2 0 2 0 40 	2041.68368279	0.06374270	2
2 0 2 0 37 	1949.56893785	0.06550337	1
2 0 2 0 36 	1920.43360053	0.06350270	2
2 0 2 0 35 	1892.08646521	0.06526337	2
2 0 2 0 34 	1864.52313034	0.06338270	2
2 0 2 0 33 	1837.74813643	0.06514337	2
2 0 2 0 29 	1738.50693214	0.06502337	1
2 0 2 0 28 	1715.66176812	0.06302270	2
2 0 2 0 27 	1693.60463316	0.06302337	1
2 0 2 0 26 	1672.33433719	0.06290270	2
2 0 2 0 25 	1651.85101730	0.06302220	1
2 0 2 0 24 	1632.15488691	0.06290270	1
2 0 2 0 23 	1613.24565674	0.06290220	1
2 0 2 0 22 	1595.12376528	0.06278180	2
2 0 2 0 21 	1577.78930344	0.06278140	2
2 0 2 0 20 	1561.24211990	0.06278180	1
2 0 2 0 19 	1545.48245623	0.06278060	2
2 0 2 0 18 	1530.51037648	0.06278030	2
2 0 2 0 16 	1502.92897525	0.06278030	2
2 0 2 0 15 	1490.31990455	0.06266000	2
2 0 2 0 14 	1478.49855528	0.06278030	2
2 0 2 0 13 	1467.46494993	0.06254000	2
2 0 2 0 12 	1457.21957237	0.06290030	2
2 0 2 0 11 	1447.76169150	0.06254000	1
2 0 2 0 10 	1439.09227623	0.06302030	2
2 0 2 0 9 	1431.21023723	0.06042000	2
2 0 2 0 7 	1417.81123483	0.06030000	2
2 0 2 0 6 	1412.29425429	0.06326030	2
2 0 2 0 5 	1407.56468517	0.06018000	2
2 0 2 0 4 	1403.62401772	0.06338030	1
2 0 2 0 3 	1400.47076974	0.06006000	2
2 0 2 0 2 	1398.10652896	0.06350030	2
2 0 2 0 1 	1396.52966835	0.06006000	1
2 0 2 0 0 	1395.74181055	0.06362030	1
2 0 2 0 8 	1424.11698086	0.06326030	1
2 0 2 0 17 	1516.32588075	0.06278000	1

